0.000000e+00 0.000000e+00 0.000000e+00 0.000000e+00 0.000000e+00 
-2.145933e-03 3.065609e-03 -4.291852e-01 6.131158e-01 0.000000e+00 
-8.583408e-03 1.226114e-02 -8.582989e-01 1.225947e+00 0.000000e+00 
-1.931051e-02 2.757899e-02 -1.287002e+00 1.837145e+00 0.000000e+00 
-3.431948e-02 4.898825e-02 -1.714411e+00 2.443190e+00 0.000000e+00 
-5.358891e-02 7.640361e-02 -2.138837e+00 3.037347e+00 0.000000e+00 
-7.707746e-02 1.096601e-01 -2.557666e+00 3.609149e+00 0.000000e+00 
-1.047117e-01 1.484646e-01 -2.967198e+00 4.143724e+00 0.000000e+00 
-1.363762e-01 1.923526e-01 -3.363084e+00 4.623293e+00 0.000000e+00 
-1.719125e-01 2.406834e-01 -3.740496e+00 5.027815e+00 0.000000e+00 
-2.111110e-01 2.926015e-01 -4.094838e+00 5.337504e+00 0.000000e+00 
-2.537187e-01 3.470575e-01 -4.422407e+00 5.535462e+00 0.000000e+00 
-2.994597e-01 4.028881e-01 -4.720891e+00 5.610017e+00 0.000000e+00 
-3.480361e-01 4.588239e-01 -4.989359e+00 5.554791e+00 0.000000e+00 
-3.991466e-01 5.135503e-01 -5.227895e+00 5.368193e+00 0.000000e+00 
-4.524960e-01 5.657562e-01 -5.436982e+00 5.051872e+00 0.000000e+00 
-5.077893e-01 6.141618e-01 -5.616692e+00 4.608848e+00 0.000000e+00 
-5.647306e-01 6.575230e-01 -5.766588e+00 4.043282e+00 0.000000e+00 
-6.230155e-01 6.946328e-01 -5.884888e+00 3.358205e+00 0.000000e+00 
-6.823139e-01 7.242996e-01 -5.968182e+00 2.555062e+00 0.000000e+00 
-7.422490e-01 7.453426e-01 -6.011767e+00 1.634517e+00 0.000000e+00 
-8.023951e-01 7.565918e-01 -6.009629e+00 5.963423e-01 0.000000e+00 
-8.622662e-01 7.568757e-01 -5.954630e+00 -5.609084e-01 0.000000e+00 
-9.212877e-01 7.449759e-01 -5.838957e+00 -1.839743e+00 0.000000e+00 
-9.788167e-01 7.196619e-01 -5.655391e+00 -3.242569e+00 0.000000e+00 
-1.034154e+00 6.797182e-01 -5.398118e+00 -4.770588e+00 0.000000e+00 
-1.086529e+00 6.238537e-01 -5.063737e+00 -6.423945e+00 0.000000e+00 
-1.135177e+00 5.508496e-01 -4.656785e+00 -8.187500e+00 0.000000e+00 
-1.179477e+00 4.598726e-01 -4.195756e+00 -1.001387e+01 0.000000e+00 
-1.219054e+00 3.507354e-01 -3.722506e+00 -1.179368e+01 0.000000e+00 
-1.254157e+00 2.249021e-01 -3.320788e+00 -1.329413e+01 0.000000e+00 
-1.286080e+00 8.686541e-02 -3.105432e+00 -1.417990e+01 0.000000e+00 
-1.317259e+00 -5.552727e-02 -3.183227e+00 -1.412992e+01 0.000000e+00 
-1.350761e+00 -1.924808e-01 -3.561891e+00 -1.311628e+01 0.000000e+00 
-1.389187e+00 -3.155514e-01 -4.147303e+00 -1.141278e+01 0.000000e+00 
-1.433994e+00 -4.195803e-01 -4.820112e+00 -9.357439e+00 0.000000e+00 
-1.485585e+00 -5.023181e-01 -5.493142e+00 -7.183331e+00 0.000000e+00 
-1.543696e+00 -5.632495e-01 -6.118712e+00 -5.007677e+00 0.000000e+00 
-1.607730e+00 -6.026325e-01 -6.676309e+00 -2.878027e+00 0.000000e+00 
-1.676975e+00 -6.210233e-01 -7.160257e+00 -8.123902e-01 0.000000e+00 
-1.750702e+00 -6.191066e-01 -7.574027e+00 1.184106e+00 0.000000e+00 
-1.828246e+00 -5.975895e-01 -7.924817e+00 3.105879e+00 0.000000e+00 
-1.909015e+00 -5.572738e-01 -8.220732e+00 4.942092e+00 0.000000e+00 
-1.992498e+00 -4.991055e-01 -8.467399e+00 6.669544e+00 0.000000e+00 
-2.078196e+00 -4.243957e-01 -8.663200e+00 8.241361e+00 0.000000e+00 
-2.165554e+00 -3.350484e-01 -8.795661e+00 9.577877e+00 0.000000e+00 
-2.253803e+00 -2.340534e-01 -8.836040e+00 1.055092e+01 0.000000e+00 
-2.341861e+00 -1.256711e-01 -8.752592e+00 1.103370e+01 0.000000e+00 
-2.428352e+00 -1.533433e-02 -8.520025e+00 1.093446e+01 0.000000e+00 
-2.511784e+00 9.117221e-02 -8.145282e+00 1.028542e+01 0.000000e+00 
-2.590905e+00 1.890161e-01 -7.665245e+00 9.231431e+00 0.000000e+00 
-2.664896e+00 2.750677e-01 -7.126718e+00 7.955647e+00 0.000000e+00 
-2.733369e+00 3.478908e-01 -6.566917e+00 6.607287e+00 0.000000e+00 
-2.796238e+00 4.072873e-01 -6.007740e+00 5.279014e+00 0.000000e+00 
-2.853563e+00 4.537073e-01 -5.459652e+00 4.019263e+00 0.000000e+00 
-2.905478e+00 4.879579e-01 -4.925629e+00 2.845914e+00 0.000000e+00 
-2.952122e+00 5.109239e-01 -4.405386e+00 1.761355e+00 0.000000e+00 
-2.993626e+00 5.234666e-01 -3.897478e+00 7.608188e-01 0.000000e+00 
-3.030106e+00 5.263879e-01 -3.399951e+00 -1.649021e-01 0.000000e+00 
-3.061653e+00 5.203814e-01 -2.910892e+00 -1.026739e+00 0.000000e+00 
-3.088346e+00 5.060275e-01 -2.428492e+00 -1.836329e+00 0.000000e+00 
-3.110240e+00 4.837895e-01 -1.951035e+00 -2.605474e+00 0.000000e+00 
-3.127383e+00 4.540364e-01 -1.477181e+00 -3.344958e+00 0.000000e+00 
-3.139797e+00 4.169848e-01 -1.005170e+00 -4.066885e+00 0.000000e+00 
-3.147478e+00 3.726913e-01 -5.328830e-01 -4.784412e+00 0.000000e+00 
-3.150427e+00 3.211906e-01 -5.963903e-02 -5.504951e+00 0.000000e+00 
-3.148651e+00 2.624982e-01 4.137657e-01 -6.230011e+00 0.000000e+00 
-3.142166e+00 1.966106e-01 8.850562e-01 -6.955198e+00 0.000000e+00 
-3.130991e+00 1.235069e-01 1.350473e+00 -7.670193e+00 0.000000e+00 
-3.115207e+00 4.334697e-02 1.803022e+00 -8.352493e+00 0.000000e+00 
-3.095011e+00 -4.330656e-02 2.231484e+00 -8.963524e+00 0.000000e+00 
-3.070693e+00 -1.355577e-01 2.625608e+00 -9.466106e+00 0.000000e+00 
-3.042640e+00 -2.321601e-01 2.977108e+00 -9.827791e+00 0.000000e+00 
-3.011299e+00 -3.316048e-01 3.283913e+00 -1.003534e+01 0.000000e+00 
-2.977099e+00 -4.323692e-01 3.550447e+00 -1.009609e+01 0.000000e+00 
-2.940398e+00 -5.330950e-01 3.785078e+00 -1.002976e+01 0.000000e+00 
-2.901469e+00 -6.326276e-01 3.998541e+00 -9.863354e+00 0.000000e+00 
-2.860468e+00 -7.300993e-01 4.200207e+00 -9.618974e+00 0.000000e+00 
-2.817476e+00 -8.248092e-01 4.397691e+00 -9.312793e+00 0.000000e+00 
-2.772509e+00 -9.161833e-01 4.596551e+00 -8.954217e+00 0.000000e+00 
-2.725532e+00 -1.003722e+00 4.800462e+00 -8.546777e+00 0.000000e+00 
-2.676477e+00 -1.086947e+00 5.011539e+00 -8.089175e+00 0.000000e+00 
-2.625270e+00 -1.165333e+00 5.230482e+00 -7.577510e+00 0.000000e+00 
-2.571841e+00 -1.238303e+00 5.456591e+00 -7.005610e+00 0.000000e+00 
-2.516125e+00 -1.305217e+00 5.687715e+00 -6.365420e+00 0.000000e+00 
-2.458086e+00 -1.365351e+00 5.920086e+00 -5.648339e+00 0.000000e+00 
-2.397736e+00 -1.417895e+00 6.147949e+00 -4.845689e+00 0.000000e+00 
-2.335165e+00 -1.461957e+00 6.363254e+00 -3.949671e+00 0.000000e+00 
-2.270548e+00 -1.496559e+00 6.555665e+00 -2.953448e+00 0.000000e+00 
-2.204174e+00 -1.520674e+00 6.712168e+00 -1.851895e+00 0.000000e+00 
-2.136475e+00 -1.533232e+00 6.817351e+00 -6.417280e-01 0.000000e+00 
-2.068051e+00 -1.533140e+00 6.854381e+00 6.788857e-01 0.000000e+00 
-1.999672e+00 -1.519287e+00 6.805131e+00 2.110570e+00 0.000000e+00 
-1.932291e+00 -1.490563e+00 6.651522e+00 3.654572e+00 0.000000e+00 
-1.867044e+00 -1.445817e+00 6.376905e+00 5.315383e+00 0.000000e+00 
-1.805210e+00 -1.383818e+00 5.966800e+00 7.105499e+00 0.000000e+00 
-1.748200e+00 -1.303190e+00 5.408891e+00 9.048723e+00 0.000000e+00 
-1.697554e+00 -1.202210e+00 4.692713e+00 1.118765e+01 0.000000e+00 
-1.654917e+00 -1.078543e+00 3.806423e+00 1.359587e+01 0.000000e+00 
-1.622044e+00 -9.290223e-01 2.735545e+00 1.638383e+01 0.000000e+00 
-1.600874e+00 -7.491123e-01 1.465531e+00 1.969495e+01 0.000000e+00 
-1.593333e+00 -5.331280e-01 2.173395e-02 2.358784e+01 0.000000e+00 
-1.600316e+00 -2.770595e-01 -1.365841e+00 2.750745e+01 0.000000e+00 
-1.618055e+00 9.947980e-03 -1.974213e+00 2.929754e+01 0.000000e+00 
-1.635143e+00 2.953670e-01 -1.245130e+00 2.721926e+01 0.000000e+00 
-1.640601e+00 5.479941e-01 1.971994e-01 2.321392e+01 0.000000e+00 
-1.631173e+00 7.601945e-01 1.665776e+00 1.931430e+01 0.000000e+00 
-1.607904e+00 9.362703e-01 2.954778e+00 1.599568e+01 0.000000e+00 
-1.572742e+00 1.081783e+00 4.044934e+00 1.317892e+01 0.000000e+00 
-1.527622e+00 1.201042e+00 4.949626e+00 1.072197e+01 0.000000e+00 
-1.474323e+00 1.297054e+00 5.682344e+00 8.516518e+00 0.000000e+00 
-1.414510e+00 1.371971e+00 6.254000e+00 6.492394e+00 0.000000e+00 
-1.349743e+00 1.427373e+00 6.675274e+00 4.609272e+00 0.000000e+00 
-1.281463e+00 1.464548e+00 6.959367e+00 2.845723e+00 0.000000e+00 
-1.210961e+00 1.484647e+00 7.122202e+00 1.190897e+00 0.000000e+00 
-1.139362e+00 1.488715e+00 7.182219e+00 -3.579770e-01 0.000000e+00 
-1.067591e+00 1.477818e+00 7.159579e+00 -1.801804e+00 0.000000e+00 
-9.963756e-01 1.453021e+00 7.074277e+00 -3.141695e+00 0.000000e+00 
-9.262521e-01 1.415336e+00 6.944875e+00 -4.381237e+00 0.000000e+00 
-8.575723e-01 1.365723e+00 6.788400e+00 -5.526515e+00 0.000000e+00 
-7.905324e-01 1.305081e+00 6.619049e+00 -6.586094e+00 0.000000e+00 
-7.251944e-01 1.234232e+00 6.448198e+00 -7.571389e+00 0.000000e+00 
-6.615342e-01 1.153862e+00 6.284843e+00 -8.494778e+00 0.000000e+00 
-5.994497e-01 1.064517e+00 6.135538e+00 -9.369329e+00 0.000000e+00 
-5.387780e-01 9.666385e-01 6.003943e+00 -1.020649e+01 0.000000e+00 
-4.793188e-01 8.605170e-01 5.892131e+00 -1.101617e+01 0.000000e+00 
-4.208379e-01 7.462798e-01 5.800164e+00 -1.180563e+01 0.000000e+00 
-3.632177e-01 6.243472e-01 5.719490e+00 -1.255532e+01 0.000000e+00 
-3.064658e-01 4.954593e-01 5.632574e+00 -1.321737e+01 0.000000e+00 
-2.507199e-01 3.606897e-01 5.512868e+00 -1.371551e+01 0.000000e+00 
-1.964664e-01 2.221454e-01 5.322405e+00 -1.393607e+01 0.000000e+00 
-1.446316e-01 8.326193e-02 5.025242e+00 -1.377267e+01 0.000000e+00 
-9.635477e-02 -5.195083e-02 4.611851e+00 -1.320804e+01 0.000000e+00 
-5.269405e-02 -1.799031e-01 4.108899e+00 -1.234554e+01 0.000000e+00 
-1.433433e-02 -2.983791e-01 3.559059e+00 -1.133928e+01 0.000000e+00 
1.845743e-02 -4.066584e-01 2.999828e+00 -1.032210e+01 0.000000e+00 
4.570299e-02 -5.050384e-01 2.451890e+00 -9.366797e+00 0.000000e+00 
6.755980e-02 -5.942935e-01 1.922854e+00 -8.499708e+00 0.000000e+00 
8.422283e-02 -6.753226e-01 1.412646e+00 -7.719598e+00 0.000000e+00 
9.586590e-02 -7.489353e-01 9.182543e-01 -7.014080e+00 0.000000e+00 
1.026314e-01 -8.158027e-01 4.355951e-01 -6.365996e+00 0.000000e+00 
1.046100e-01 -8.763994e-01 -3.915139e-02 -5.757950e+00 0.000000e+00 
1.018629e-01 -9.310391e-01 -5.091636e-01 -5.173408e+00 0.000000e+00 
9.442842e-02 -9.798843e-01 -9.769337e-01 -4.596823e+00 0.000000e+00 
8.232214e-02 -1.022946e+00 -1.444267e+00 -4.013634e+00 0.000000e+00 
6.554095e-02 -1.060089e+00 -1.912204e+00 -3.410548e+00 0.000000e+00 
4.407535e-02 -1.091050e+00 -2.381052e+00 -2.775277e+00 0.000000e+00 
1.791642e-02 -1.115447e+00 -2.850782e+00 -2.095897e+00 0.000000e+00 
-1.294256e-02 -1.132782e+00 -3.321074e+00 -1.360881e+00 0.000000e+00 
-4.850926e-02 -1.142440e+00 -3.791577e+00 -5.587557e-01 0.000000e+00 
-8.877730e-02 -1.143701e+00 -4.261893e+00 3.215014e-01 0.000000e+00 
-1.337439e-01 -1.135721e+00 -4.732427e+00 1.291644e+00 0.000000e+00 
-1.834264e-01 -1.117526e+00 -5.205032e+00 2.365207e+00 0.000000e+00 
-2.378626e-01 -1.088012e+00 -5.683019e+00 3.557505e+00 0.000000e+00 
-2.971270e-01 -1.045911e+00 -6.171798e+00 4.886911e+00 0.000000e+00 
-3.613631e-01 -9.897427e-01 -6.680129e+00 6.377383e+00 0.000000e+00 
-4.308331e-01 -9.177277e-01 -7.220863e+00 8.060920e+00 0.000000e+00 
-5.059447e-01 -8.277453e-01 -7.811357e+00 9.978427e+00 0.000000e+00 
-5.872999e-01 -7.172124e-01 -8.473472e+00 1.217930e+01 0.000000e+00 
-6.757183e-01 -5.830999e-01 -9.225294e+00 1.469202e+01 0.000000e+00 
-7.720808e-01 -4.225564e-01 -1.005769e+01 1.744221e+01 0.000000e+00 
-8.768290e-01 -2.347091e-01 -1.087094e+01 2.003511e+01 0.000000e+00 
-9.885908e-01 -2.547139e-02 -1.140896e+01 2.153427e+01 0.000000e+00 
-1.103236e+00 1.892406e-01 -1.143042e+01 2.106564e+01 0.000000e+00 
-1.215792e+00 3.903161e-01 -1.103600e+01 1.896267e+01 0.000000e+00 
-1.323524e+00 5.663988e-01 -1.050616e+01 1.621188e+01 0.000000e+00 
-1.426019e+00 7.144515e-01 -1.000277e+01 1.341476e+01 0.000000e+00 
-1.523789e+00 8.351479e-01 -9.560901e+00 1.074971e+01 0.000000e+00 
-1.617387e+00 9.299209e-01 -9.163534e+00 8.224598e+00 0.000000e+00 
-1.707101e+00 9.999849e-01 -8.778566e+00 5.802392e+00 0.000000e+00 
-1.792890e+00 1.046184e+00 -8.373456e+00 3.446382e+00 0.000000e+00 
-1.874411e+00 1.069041e+00 -7.918514e+00 1.126658e+00 0.000000e+00 
-1.951019e+00 1.068792e+00 -7.389057e+00 -1.178529e+00 0.000000e+00 
-2.021871e+00 1.045445e+00 -6.765902e+00 -3.492279e+00 0.000000e+00 
-2.085972e+00 9.988011e-01 -6.035542e+00 -5.842297e+00 0.000000e+00 
-2.142207e+00 9.283668e-01 -5.189656e+00 -8.265059e+00 0.000000e+00 
-2.189363e+00 8.330848e-01 -4.222208e+00 -1.081760e+01 0.000000e+00 
-2.226242e+00 7.113741e-01 -3.135354e+00 -1.355663e+01 0.000000e+00 
-2.251718e+00 5.611780e-01 -1.944926e+00 -1.652048e+01 0.000000e+00 
-2.265015e+00 3.805515e-01 -7.229020e-01 -1.958823e+01 0.000000e+00 
-2.266782e+00 1.709662e-01 3.082962e-01 -2.216003e+01 0.000000e+00 
-2.260773e+00 -5.713386e-02 7.698356e-01 -2.309922e+01 0.000000e+00 
-2.253870e+00 -2.837689e-01 5.063203e-01 -2.192724e+01 0.000000e+00 
-2.252038e+00 -4.918394e-01 -1.754978e-01 -1.959856e+01 0.000000e+00 
-2.257610e+00 -6.753827e-01 -9.341016e-01 -1.713826e+01 0.000000e+00 
-2.270462e+00 -8.355543e-01 -1.618869e+00 -1.495221e+01 0.000000e+00 
-2.289611e+00 -9.755591e-01 -2.192201e+00 -1.310182e+01 0.000000e+00 
-2.313935e+00 -1.098574e+00 -2.655081e+00 -1.154580e+01 0.000000e+00 
-2.342376e+00 -1.207278e+00 -3.016635e+00 -1.023183e+01 0.000000e+00 
-2.373967e+00 -1.303863e+00 -3.287440e+00 -9.114496e+00 0.000000e+00 
-2.407853e+00 -1.390110e+00 -3.476982e+00 -8.160574e+00 0.000000e+00 
-2.443265e+00 -1.467532e+00 -3.593835e+00 -7.345083e+00 0.000000e+00 
-2.479514e+00 -1.537415e+00 -3.645671e+00 -6.650101e+00 0.000000e+00 
-2.515987e+00 -1.600888e+00 -3.639780e+00 -6.062304e+00 0.000000e+00 
-2.552142e+00 -1.658974e+00 -3.583124e+00 -5.571261e+00 0.000000e+00 
-2.587503e+00 -1.712604e+00 -3.482162e+00 -5.168143e+00 0.000000e+00 
-2.621656e+00 -1.762615e+00 -3.342840e+00 -4.845633e+00 0.000000e+00 
-2.654247e+00 -1.809768e+00 -3.170650e+00 -4.597376e+00 0.000000e+00 
-2.684976e+00 -1.854780e+00 -2.970679e+00 -4.417046e+00 0.000000e+00 
-2.713588e+00 -1.898307e+00 -2.747437e+00 -4.298648e+00 0.000000e+00 
-2.739866e+00 -1.940940e+00 -2.504828e+00 -4.236283e+00 0.000000e+00 
-2.763630e+00 -1.983208e+00 -2.246147e+00 -4.224141e+00 0.000000e+00 
-2.784739e+00 -2.025580e+00 -1.974086e+00 -4.256504e+00 0.000000e+00 
-2.803069e+00 -2.068470e+00 -1.690850e+00 -4.327616e+00 0.000000e+00 
-2.818520e+00 -2.112242e+00 -1.398130e+00 -4.431785e+00 0.000000e+00 
-2.831006e+00 -2.157197e+00 -1.097090e+00 -4.563400e+00 0.000000e+00 
-2.840444e+00 -2.203583e+00 -7.884113e-01 -4.716862e+00 0.000000e+00 
-2.846755e+00 -2.251589e+00 -4.722969e-01 -4.886578e+00 0.000000e+00 
-2.849862e+00 -2.301350e+00 -1.484689e-01 -5.066966e+00 0.000000e+00 
-2.849693e+00 -2.352949e+00 1.837325e-01 -5.252560e+00 0.000000e+00 
-2.846164e+00 -2.406419e+00 5.251689e-01 -5.438089e+00 0.000000e+00 
-2.839161e+00 -2.461709e+00 8.778178e-01 -5.617359e+00 0.000000e+00 
-2.828562e+00 -2.518722e+00 1.243341e+00 -5.784998e+00 0.000000e+00 
-2.814235e+00 -2.577330e+00 1.622869e+00 -5.936704e+00 0.000000e+00 
-2.796045e+00 -2.637369e+00 2.017002e+00 -6.069251e+00 0.000000e+00 
-2.773846e+00 -2.698642e+00 2.425808e+00 -6.180482e+00 0.000000e+00 
-2.747487e+00 -2.760916e+00 2.848821e+00 -6.269329e+00 0.000000e+00 
-2.716840e+00 -2.823979e+00 3.283665e+00 -6.337985e+00 0.000000e+00 
-2.681802e+00 -2.887645e+00 3.723957e+00 -6.395213e+00 0.000000e+00 
-2.642359e+00 -2.951859e+00 4.161360e+00 -6.453521e+00 0.000000e+00 
-2.598599e+00 -3.016733e+00 4.585941e+00 -6.528708e+00 0.000000e+00 
-2.550717e+00 -3.082549e+00 4.986166e+00 -6.639861e+00 0.000000e+00 
-2.499012e+00 -3.149754e+00 5.348905e+00 -6.809353e+00 0.000000e+00 
-2.443909e+00 -3.219019e+00 5.661262e+00 -7.060207e+00 0.000000e+00 
-2.385986e+00 -3.291293e+00 5.913268e+00 -7.411578e+00 0.000000e+00 
-2.325871e+00 -3.367640e+00 6.099385e+00 -7.876465e+00 0.000000e+00 
-2.264220e+00 -3.449220e+00 6.219687e+00 -8.460196e+00 0.000000e+00 
-2.201669e+00 -3.537229e+00 6.280789e+00 -9.159684e+00 0.000000e+00 
-2.138751e+00 -3.632758e+00 6.297283e+00 -9.962220e+00 0.000000e+00 
-2.075815e+00 -3.736768e+00 6.288221e+00 -1.085362e+01 0.000000e+00 
-2.013000e+00 -3.850086e+00 6.276376e+00 -1.182030e+01 0.000000e+00 
-1.950221e+00 -3.973437e+00 6.285109e+00 -1.285615e+01 0.000000e+00 
-1.887167e+00 -4.107456e+00 6.334598e+00 -1.396729e+01 0.000000e+00 
-1.823326e+00 -4.253064e+00 6.444996e+00 -1.517924e+01 0.000000e+00 
-1.757990e+00 -4.411525e+00 6.636830e+00 -1.653864e+01 0.000000e+00 
-1.690235e+00 -4.584600e+00 6.933341e+00 -1.811848e+01 0.000000e+00 
-1.618872e+00 -4.774985e+00 7.367236e+00 -2.003206e+01 0.000000e+00 
-1.542259e+00 -4.986965e+00 7.992320e+00 -2.246951e+01 0.000000e+00 
-1.458105e+00 -5.227120e+00 8.894413e+00 -2.573397e+01 0.000000e+00 
-1.363031e+00 -5.505887e+00 1.019917e+01 -3.027531e+01 0.000000e+00 
-1.252548e+00 -5.837863e+00 1.194617e+01 -3.628991e+01 0.000000e+00 
-1.125516e+00 -6.227309e+00 1.319108e+01 -4.072284e+01 0.000000e+00 
-9.971015e-01 -6.624860e+00 1.211642e+01 -3.756374e+01 0.000000e+00 
-8.863675e-01 -6.968611e+00 1.004114e+01 -3.125202e+01 0.000000e+00 
-7.949346e-01 -7.254878e+00 8.324459e+00 -2.628555e+01 0.000000e+00 
-7.184980e-01 -7.499294e+00 7.019756e+00 -2.280499e+01 0.000000e+00 
-6.536560e-01 -7.714287e+00 5.981503e+00 -2.032365e+01 0.000000e+00 
-5.983398e-01 -7.907955e+00 5.102600e+00 -1.850244e+01 0.000000e+00 
-5.513131e-01 -8.085822e+00 4.312955e+00 -1.713311e+01 0.000000e+00 
-5.119317e-01 -8.251726e+00 3.567991e+00 -1.609670e+01 0.000000e+00 
-4.799114e-01 -8.408606e+00 2.836693e+00 -1.531824e+01 0.000000e+00 
-4.552162e-01 -8.558781e+00 2.098109e+00 -1.474914e+01 0.000000e+00 
-4.380115e-01 -8.704175e+00 1.339955e+00 -1.435639e+01 0.000000e+00 
-4.284949e-01 -8.846395e+00 5.627868e-01 -1.410799e+01 0.000000e+00 
-4.267689e-01 -8.986693e+00 -2.164285e-01 -1.396599e+01 0.000000e+00 
-4.327050e-01 -9.125906e+00 -9.604487e-01 -1.388049e+01 0.000000e+00 
-4.456690e-01 -9.264275e+00 -1.612216e+00 -1.378755e+01 0.000000e+00 
-4.644580e-01 -9.401439e+00 -2.115115e+00 -1.362970e+01 0.000000e+00 
-4.873758e-01 -9.536538e+00 -2.435481e+00 -1.337885e+01 0.000000e+00 
-5.126176e-01 -9.668763e+00 -2.590212e+00 -1.306212e+01 0.000000e+00 
-5.387095e-01 -9.797688e+00 -2.611915e+00 -1.272067e+01 0.000000e+00 
-5.645484e-01 -9.923291e+00 -2.544056e+00 -1.240407e+01 0.000000e+00 
-5.894334e-01 -1.004602e+01 -2.427449e+00 -1.215556e+01 0.000000e+00 
-6.130000e-01 -1.016669e+01 -2.280931e+00 -1.199338e+01 0.000000e+00 
-6.349956e-01 -1.028622e+01 -2.115220e+00 -1.192945e+01 0.000000e+00 
-6.552490e-01 -1.040563e+01 -1.933054e+00 -1.196993e+01 0.000000e+00 
-6.735964e-01 -1.052598e+01 -1.732631e+00 -1.211969e+01 0.000000e+00 
-6.898313e-01 -1.064841e+01 -1.510026e+00 -1.238572e+01 0.000000e+00 
-7.037015e-01 -1.077412e+01 -1.259461e+00 -1.277932e+01 0.000000e+00 
-7.148989e-01 -1.090448e+01 -9.734597e-01 -1.331707e+01 0.000000e+00 
-7.230229e-01 -1.104102e+01 -6.428098e-01 -1.402373e+01 0.000000e+00 
-7.275666e-01 -1.118563e+01 -2.555084e-01 -1.493655e+01 0.000000e+00 
-7.278919e-01 -1.134062e+01 2.040735e-01 -1.610913e+01 0.000000e+00 
-7.231772e-01 -1.150893e+01 7.561855e-01 -1.761712e+01 0.000000e+00 
-7.123894e-01 -1.169438e+01 1.423366e+00 -1.955550e+01 0.000000e+00 
-6.942628e-01 -1.190181e+01 2.219684e+00 -2.201005e+01 0.000000e+00 
-6.677652e-01 -1.213587e+01 3.077837e+00 -2.483025e+01 0.000000e+00 
-6.335587e-01 -1.239650e+01 3.673198e+00 -2.704947e+01 0.000000e+00 
-5.970609e-01 -1.266895e+01 3.452167e+00 -2.693153e+01 0.000000e+00 
-5.675391e-01 -1.292640e+01 2.349088e+00 -2.427638e+01 0.000000e+00 
-5.511040e-01 -1.315209e+01 9.258216e-01 -2.085993e+01 0.000000e+00 
-5.488740e-01 -1.334466e+01 -4.624712e-01 -1.772913e+01 0.000000e+00 
-5.599471e-01 -1.350819e+01 -1.732183e+00 -1.504356e+01 0.000000e+00 
-5.831245e-01 -1.364667e+01 -2.884936e+00 -1.269968e+01 0.000000e+00 
-6.172944e-01 -1.376290e+01 -3.931227e+00 -1.057469e+01 0.000000e+00 
-6.614139e-01 -1.385856e+01 -4.876205e+00 -8.570683e+00 0.000000e+00 
-7.144746e-01 -1.393449e+01 -5.718517e+00 -6.619952e+00 0.000000e+00 
-7.754343e-01 -1.399098e+01 -6.455181e+00 -4.676445e+00 0.000000e+00 
-8.432216e-01 -1.402795e+01 -7.083926e+00 -2.712412e+00 0.000000e+00 
-9.167591e-01 -1.404511e+01 -7.607104e+00 -7.129279e-01 0.000000e+00 
-9.950384e-01 -1.404206e+01 -8.033573e+00 1.329908e+00 0.000000e+00 
-1.077163e+00 -1.401835e+01 -8.379252e+00 3.420285e+00 0.000000e+00 
-1.162430e+00 -1.397348e+01 -8.667183e+00 5.564503e+00 0.000000e+00 
-1.250409e+00 -1.390683e+01 -8.926605e+00 7.779631e+00 0.000000e+00 
-1.340985e+00 -1.381753e+01 -9.192586e+00 1.009878e+01 0.000000e+00 
-1.434416e+00 -1.370432e+01 -9.506255e+00 1.258137e+01 0.000000e+00 
-1.531420e+00 -1.356509e+01 -9.915167e+00 1.531972e+01 0.000000e+00 
-1.633218e+00 -1.339665e+01 -1.047295e+01 1.843855e+01 0.000000e+00 
-1.741531e+00 -1.319467e+01 -1.122607e+01 2.204958e+01 0.000000e+00 
-1.858269e+00 -1.295456e+01 -1.212332e+01 2.594177e+01 0.000000e+00 
-1.983191e+00 -1.267938e+01 -1.275516e+01 2.869243e+01 0.000000e+00 
-2.110116e+00 -1.239262e+01 -1.245072e+01 2.801006e+01 0.000000e+00 
-2.229599e+00 -1.212875e+01 -1.138278e+01 2.452036e+01 0.000000e+00 
-2.337588e+00 -1.190333e+01 -1.023864e+01 2.062378e+01 0.000000e+00 
-2.435043e+00 -1.171430e+01 -9.287911e+00 1.729039e+01 0.000000e+00 
-2.523999e+00 -1.155547e+01 -8.531119e+00 1.456378e+01 0.000000e+00 
-2.606145e+00 -1.142145e+01 -7.918487e+00 1.230980e+01 0.000000e+00 
-2.682692e+00 -1.130813e+01 -7.403381e+00 1.040081e+01 0.000000e+00 
-2.754427e+00 -1.121256e+01 -6.952978e+00 8.751504e+00 0.000000e+00 
-2.821880e+00 -1.113245e+01 -6.542919e+00 7.302273e+00 0.000000e+00 
-2.885361e+00 -1.106599e+01 -6.155522e+00 6.013372e+00 0.000000e+00 
-2.945029e+00 -1.101172e+01 -5.779136e+00 4.860244e+00 0.000000e+00 
-3.000951e+00 -1.096839e+01 -5.405871e+00 3.826041e+00 0.000000e+00 
-3.053135e+00 -1.093486e+01 -5.030263e+00 2.897688e+00 0.000000e+00 
-3.101540e+00 -1.091012e+01 -4.649208e+00 2.065539e+00 0.000000e+00 
-3.146099e+00 -1.089325e+01 -4.261472e+00 1.321959e+00 0.000000e+00 
-3.186746e+00 -1.088341e+01 -3.867241e+00 6.595957e-01 0.000000e+00 
-3.223422e+00 -1.087982e+01 -3.467376e+00 7.129636e-02 0.000000e+00 
-3.256079e+00 -1.088176e+01 -3.063134e+00 -4.501241e-01 0.000000e+00 
-3.284679e+00 -1.088862e+01 -2.656174e+00 -9.118808e-01 0.000000e+00 
-3.309198e+00 -1.089983e+01 -2.248309e+00 -1.321356e+00 0.000000e+00 
-3.329641e+00 -1.091490e+01 -1.841087e+00 -1.686259e+00 0.000000e+00 
-3.346024e+00 -1.093343e+01 -1.435866e+00 -2.014364e+00 0.000000e+00 
-3.358372e+00 -1.095509e+01 -1.033623e+00 -2.313547e+00 0.000000e+00 
-3.366715e+00 -1.097963e+01 -6.349562e-01 -2.591793e+00 0.000000e+00 
-3.371086e+00 -1.100688e+01 -2.400794e-01 -2.857188e+00 0.000000e+00 
-3.371525e+00 -1.103676e+01 1.511887e-01 -3.118072e+00 0.000000e+00 
-3.368065e+00 -1.106927e+01 5.393230e-01 -3.382896e+00 0.000000e+00 
-3.360741e+00 -1.110446e+01 9.250000e-01 -3.659685e+00 0.000000e+00 
-3.349575e+00 -1.114251e+01 1.309325e+00 -3.957216e+00 0.000000e+00 
-3.334567e+00 -1.118368e+01 1.693845e+00 -4.285101e+00 0.000000e+00 
-3.315700e+00 -1.122834e+01 2.080550e+00 -4.653791e+00 0.000000e+00 
-3.292940e+00 -1.127694e+01 2.471870e+00 -5.074572e+00 0.000000e+00 
-3.266231e+00 -1.133006e+01 2.870681e+00 -5.559570e+00 0.000000e+00 
-3.235483e+00 -1.138841e+01 3.280621e+00 -6.122972e+00 0.000000e+00 
-3.200565e+00 -1.145284e+01 3.706240e+00 -6.781470e+00 0.000000e+00 
-3.161290e+00 -1.152441e+01 4.153594e+00 -7.555710e+00 0.000000e+00 
-3.117396e+00 -1.160442e+01 4.630583e+00 -8.471344e+00 0.000000e+00 
-3.068547e+00 -1.169441e+01 5.146926e+00 -9.558764e+00 0.000000e+00 
-3.014283e+00 -1.179630e+01 5.715319e+00 -1.085641e+01 0.000000e+00 
-2.954025e+00 -1.191236e+01 6.347861e+00 -1.239766e+01 0.000000e+00 
-2.887109e+00 -1.204504e+01 7.051579e+00 -1.419465e+01 0.000000e+00 
-2.812812e+00 -1.219686e+01 7.810969e+00 -1.617749e+01 0.000000e+00 
-2.730920e+00 -1.236839e+01 8.547590e+00 -1.805448e+01 0.000000e+00 
-2.642453e+00 -1.255573e+01 9.097267e+00 -1.923273e+01 0.000000e+00 
-2.550109e+00 -1.274887e+01 9.315045e+00 -1.918251e+01 0.000000e+00 
-2.457176e+00 -1.293547e+01 9.235517e+00 -1.799502e+01 0.000000e+00 
-2.365871e+00 -1.310669e+01 9.016735e+00 -1.619729e+01 0.000000e+00 
-2.276859e+00 -1.325890e+01 8.789015e+00 -1.423377e+01 0.000000e+00 
-2.189944e+00 -1.339145e+01 8.602237e+00 -1.228496e+01 0.000000e+00 
-2.104664e+00 -1.350477e+01 8.460285e+00 -1.038452e+01 0.000000e+00 
-2.020633e+00 -1.359926e+01 8.349472e+00 -8.517242e+00 0.000000e+00 
-1.937640e+00 -1.367513e+01 8.248873e+00 -6.655109e+00 0.000000e+00 
-1.855704e+00 -1.373230e+01 8.134104e+00 -4.771352e+00 0.000000e+00 
-1.775094e+00 -1.377042e+01 7.979482e+00 -2.846291e+00 0.000000e+00 
-1.696331e+00 -1.378902e+01 7.759885e+00 -8.648661e-01 0.000000e+00 
-1.620190e+00 -1.378749e+01 7.450987e+00 1.183638e+00 0.000000e+00 
-1.547674e+00 -1.376510e+01 7.030859e+00 3.309829e+00 0.000000e+00 
-1.480002e+00 -1.372100e+01 6.481484e+00 5.529895e+00 0.000000e+00 
-1.418530e+00 -1.365408e+01 5.788557e+00 7.873521e+00 0.000000e+00 
-1.364732e+00 -1.356298e+01 4.941730e+00 1.038654e+01 0.000000e+00 
-1.320239e+00 -1.344555e+01 3.929951e+00 1.314883e+01 0.000000e+00 
-1.286702e+00 -1.329887e+01 2.752202e+00 1.624298e+01 0.000000e+00 
-1.265685e+00 -1.311940e+01 1.429762e+00 1.971678e+01 0.000000e+00 
-1.258204e+00 -1.290399e+01 9.185454e-02 2.330722e+01 0.000000e+00 
-1.262536e+00 -1.265673e+01 -8.381999e-01 2.580743e+01 0.000000e+00 
-1.271644e+00 -1.239750e+01 -8.031981e-01 2.551306e+01 0.000000e+00 
-1.275712e+00 -1.215475e+01 7.962114e-02 2.279089e+01 0.000000e+00 
-1.269237e+00 -1.194363e+01 1.220215e+00 1.943876e+01 0.000000e+00 
-1.251572e+00 -1.176493e+01 2.289652e+00 1.637428e+01 0.000000e+00 
-1.223969e+00 -1.161466e+01 3.203560e+00 1.375128e+01 0.000000e+00 
-1.188041e+00 -1.148864e+01 3.956159e+00 1.150766e+01 0.000000e+00 
-1.145346e+00 -1.138353e+01 4.558897e+00 9.556753e+00 0.000000e+00 
-1.097320e+00 -1.129675e+01 5.024094e+00 7.832136e+00 0.000000e+00 
-1.045283e+00 -1.122629e+01 5.363312e+00 6.289065e+00 0.000000e+00 
-9.904348e-01 -1.117047e+01 5.588200e+00 4.899490e+00 0.000000e+00 
-9.338602e-01 -1.112785e+01 5.710740e+00 3.645150e+00 0.000000e+00 
-8.765206e-01 -1.109715e+01 5.743220e+00 2.515737e+00 0.000000e+00 
-8.192524e-01 -1.107715e+01 5.698311e+00 1.504948e+00 0.000000e+00 
-7.627648e-01 -1.106669e+01 5.588691e+00 6.083465e-01 0.000000e+00 
-7.076512e-01 -1.106462e+01 5.426012e+00 -1.780635e-01 0.000000e+00 
-6.543903e-01 -1.106987e+01 5.220800e+00 -8.582062e-01 0.000000e+00 
-6.033522e-01 -1.108143e+01 4.982398e+00 -1.436046e+00 0.000000e+00 
-5.548297e-01 -1.109828e+01 4.718466e+00 -1.916349e+00 0.000000e+00 
-5.090443e-01 -1.111946e+01 4.435168e+00 -2.304297e+00 0.000000e+00 
-4.661696e-01 -1.114407e+01 4.137406e+00 -2.605362e+00 0.000000e+00 
-4.263336e-01 -1.117128e+01 3.828814e+00 -2.825320e+00 0.000000e+00 
-3.896248e-01 -1.120032e+01 3.511899e+00 -2.970182e+00 0.000000e+00 
-3.561178e-01 -1.123046e+01 3.188491e+00 -3.045859e+00 0.000000e+00 
-3.258715e-01 -1.126103e+01 2.859771e+00 -3.058307e+00 0.000000e+00 
-2.989358e-01 -1.129143e+01 2.526615e+00 -3.013559e+00 0.000000e+00 
-2.753525e-01 -1.132113e+01 2.189617e+00 -2.917723e+00 0.000000e+00 
-2.551558e-01 -1.134964e+01 1.849133e+00 -2.776984e+00 0.000000e+00 
-2.383785e-01 -1.137654e+01 1.505583e+00 -2.597747e+00 0.000000e+00 
-2.250516e-01 -1.140149e+01 1.159402e+00 -2.386677e+00 0.000000e+00 
-2.151985e-01 -1.142419e+01 8.111517e-01 -2.150700e+00 0.000000e+00 
-2.088354e-01 -1.144444e+01 4.615417e-01 -1.897003e+00 0.000000e+00 
-2.059706e-01 -1.146209e+01 1.114297e-01 -1.633033e+00 0.000000e+00 
-2.066047e-01 -1.147709e+01 -2.381789e-01 -1.366495e+00 0.000000e+00 
-2.107275e-01 -1.148944e+01 -5.861346e-01 -1.105275e+00 0.000000e+00 
-2.183166e-01 -1.149924e+01 -9.311582e-01 -8.574162e-01 0.000000e+00 
-2.293362e-01 -1.150666e+01 -1.271847e+00 -6.309453e-01 0.000000e+00 
-2.437350e-01 -1.151196e+01 -1.606679e+00 -4.337822e-01 0.000000e+00 
-2.614455e-01 -1.151546e+01 -1.934008e+00 -2.737392e-01 0.000000e+00 
-2.823842e-01 -1.151758e+01 -2.252066e+00 -1.584856e-01 0.000000e+00 
-3.064494e-01 -1.151880e+01 -2.558933e+00 -9.540011e-02 0.000000e+00 
-3.335186e-01 -1.151969e+01 -2.852468e+00 -9.160430e-02 0.000000e+00 
-3.634464e-01 -1.152086e+01 -3.130273e+00 -1.539216e-01 0.000000e+00 
-3.960623e-01 -1.152301e+01 -3.389622e+00 -2.889032e-01 0.000000e+00 
-4.311670e-01 -1.152690e+01 -3.627369e+00 -5.028753e-01 0.000000e+00 
-4.685259e-01 -1.153335e+01 -3.839883e+00 -8.019383e-01 0.000000e+00 
-5.078666e-01 -1.154324e+01 -4.023007e+00 -1.192037e+00 0.000000e+00 
-5.488724e-01 -1.155751e+01 -4.171960e+00 -1.679112e+00 0.000000e+00 
-5.911744e-01 -1.157717e+01 -4.281404e+00 -2.269248e+00 0.000000e+00 
-6.343508e-01 -1.160326e+01 -4.345525e+00 -2.968699e+00 0.000000e+00 
-6.779192e-01 -1.163691e+01 -4.357994e+00 -3.784417e+00 0.000000e+00 
-7.213204e-01 -1.167935e+01 -4.312140e+00 -4.724277e+00 0.000000e+00 
-7.639434e-01 -1.173185e+01 -4.202139e+00 -5.796071e+00 0.000000e+00 
-8.051274e-01 -1.179575e+01 -4.023130e+00 -7.007377e+00 0.000000e+00 
-8.441768e-01 -1.187245e+01 -3.772904e+00 -8.362041e+00 0.000000e+00 
-8.803525e-01 -1.196347e+01 -3.453734e+00 -9.857396e+00 0.000000e+00 
-9.130709e-01 -1.206995e+01 -3.084283e+00 -1.144791e+01 0.000000e+00 
-9.419936e-01 -1.219243e+01 -2.703496e+00 -1.303268e+01 0.000000e+00 
-9.674134e-01 -1.232970e+01 -2.402525e+00 -1.435194e+01 0.000000e+00 
-9.907159e-01 -1.247738e+01 -2.300330e+00 -1.505275e+01 0.000000e+00 
-1.014422e+00 -1.262765e+01 -2.498596e+00 -1.482290e+01 0.000000e+00 
-1.041718e+00 -1.277062e+01 -3.004361e+00 -1.363203e+01 0.000000e+00 
-1.075194e+00 -1.289807e+01 -3.713491e+00 -1.178084e+01 0.000000e+00 
-1.116251e+00 -1.300519e+01 -4.503640e+00 -9.610641e+00 0.000000e+00 
-1.165255e+00 -1.308995e+01 -5.291597e+00 -7.334205e+00 0.000000e+00 
-1.221929e+00 -1.315185e+01 -6.034224e+00 -5.045438e+00 0.000000e+00 
-1.285721e+00 -1.319094e+01 -6.713242e+00 -2.775824e+00 0.000000e+00 
-1.355968e+00 -1.320744e+01 -7.324549e+00 -5.308511e-01 0.000000e+00 
-1.432006e+00 -1.320161e+01 -7.873206e+00 1.694342e+00 0.000000e+00 
-1.513253e+00 -1.317362e+01 -8.368003e+00 3.900232e+00 0.000000e+00 
-1.599218e+00 -1.312370e+01 -8.818835e+00 6.078139e+00 0.000000e+00 
-1.689507e+00 -1.305224e+01 -9.231882e+00 8.198191e+00 0.000000e+00 
-1.783709e+00 -1.296018e+01 -9.599730e+00 1.018146e+01 0.000000e+00 
-1.881262e+00 -1.284954e+01 -9.892738e+00 1.187500e+01 0.000000e+00 
-1.981092e+00 -1.272456e+01 -1.004517e+01 1.300945e+01 0.000000e+00 
-2.081482e+00 -1.259204e+01 -9.993821e+00 1.334249e+01 0.000000e+00 
-2.180176e+00 -1.246078e+01 -9.708106e+00 1.276612e+01 0.000000e+00 
-2.275016e+00 -1.233915e+01 -9.235476e+00 1.146422e+01 0.000000e+00 
-2.364540e+00 -1.223284e+01 -8.658451e+00 9.756049e+00 0.000000e+00 
-2.448062e+00 -1.214448e+01 -8.043321e+00 7.908676e+00 0.000000e+00 
-2.525399e+00 -1.207460e+01 -7.424958e+00 6.077122e+00 0.000000e+00 
-2.596592e+00 -1.202265e+01 -6.814848e+00 4.328461e+00 0.000000e+00 
-2.661729e+00 -1.198767e+01 -6.214471e+00 2.687051e+00 0.000000e+00 
-2.720900e+00 -1.196856e+01 -5.620210e+00 1.151529e+00 0.000000e+00 
-2.774142e+00 -1.196432e+01 -5.028401e+00 -2.870976e-01 0.000000e+00 
-2.821465e+00 -1.197402e+01 -4.436100e+00 -1.641409e+00 0.000000e+00 
-2.862856e+00 -1.199691e+01 -3.841493e+00 -2.925418e+00 0.000000e+00 
-2.898284e+00 -1.203235e+01 -3.243783e+00 -4.153535e+00 0.000000e+00 
-2.927722e+00 -1.207984e+01 -2.643460e+00 -5.338214e+00 0.000000e+00 
-2.951154e+00 -1.213899e+01 -2.042300e+00 -6.488973e+00 0.000000e+00 
-2.968589e+00 -1.220946e+01 -1.443465e+00 -7.610906e+00 0.000000e+00 
-2.980082e+00 -1.229100e+01 -8.585515e-01 -8.682486e+00 0.000000e+00 
-2.985843e+00 -1.238291e+01 -3.024228e-01 -9.668739e+00 0.000000e+00 
-2.986259e+00 -1.248405e+01 2.080560e-01 -1.052466e+01 0.000000e+00 
-2.981890e+00 -1.259280e+01 6.540168e-01 -1.119521e+01 0.000000e+00 
-2.973470e+00 -1.270706e+01 1.015055e+00 -1.161684e+01 0.000000e+00 
-2.961889e+00 -1.282423e+01 1.287373e+00 -1.177660e+01 0.000000e+00 
-2.947966e+00 -1.294188e+01 1.487418e+00 -1.172473e+01 0.000000e+00 
-2.932310e+00 -1.305824e+01 1.637548e+00 -1.152896e+01 0.000000e+00 
-2.915304e+00 -1.317221e+01 1.760897e+00 -1.125816e+01 0.000000e+00 
-2.897123e+00 -1.328332e+01 1.874480e+00 -1.096066e+01 0.000000e+00 
-2.877807e+00 -1.339144e+01 1.989664e+00 -1.066612e+01 0.000000e+00 
-2.857303e+00 -1.349670e+01 2.113086e+00 -1.038868e+01 0.000000e+00 
-2.835505e+00 -1.359929e+01 2.248524e+00 -1.013306e+01 0.000000e+00 
-2.812284e+00 -1.369943e+01 2.398324e+00 -9.898918e+00 0.000000e+00 
-2.787485e+00 -1.379732e+01 2.563795e+00 -9.681971e+00 0.000000e+00 
-2.760948e+00 -1.389311e+01 2.746050e+00 -9.476488e+00 0.000000e+00 
-2.732502e+00 -1.398688e+01 2.946234e+00 -9.275745e+00 0.000000e+00 
-2.701960e+00 -1.407863e+01 3.165652e+00 -9.072238e+00 0.000000e+00 
-2.669123e+00 -1.416829e+01 3.405776e+00 -8.857690e+00 0.000000e+00 
-2.633773e+00 -1.425571e+01 3.668244e+00 -8.623050e+00 0.000000e+00 
-2.595679e+00 -1.434064e+01 3.954845e+00 -8.358512e+00 0.000000e+00 
-2.554597e+00 -1.442274e+01 4.267201e+00 -8.053902e+00 0.000000e+00 
-2.510247e+00 -1.450153e+01 4.607215e+00 -7.697874e+00 0.000000e+00 
-2.462350e+00 -1.457647e+01 4.975675e+00 -7.279107e+00 0.000000e+00 
-2.410633e+00 -1.464688e+01 5.371813e+00 -6.786774e+00 0.000000e+00 
-2.354830e+00 -1.471194e+01 5.793307e+00 -6.210546e+00 0.000000e+00 
-2.294703e+00 -1.477078e+01 6.235885e+00 -5.541182e+00 0.000000e+00 
-2.230071e+00 -1.482243e+01 6.692001e+00 -4.772297e+00 0.000000e+00 
-2.160849e+00 -1.486588e+01 7.150872e+00 -3.900261e+00 0.000000e+00 
-2.087088e+00 -1.490010e+01 7.598260e+00 -2.924668e+00 0.000000e+00 
-2.008984e+00 -1.492404e+01 8.016672e+00 -1.848228e+00 0.000000e+00 
-1.926923e+00 -1.493674e+01 8.385546e+00 -6.761986e-01 0.000000e+00 
-1.841512e+00 -1.493727e+01 8.681938e+00 5.838264e-01 0.000000e+00 
-1.753604e+00 -1.492480e+01 8.881088e+00 1.921932e+00 0.000000e+00 
-1.664295e+00 -1.489862e+01 8.957118e+00 3.326315e+00 0.000000e+00 
-1.574955e+00 -1.485811e+01 8.884684e+00 4.783291e+00 0.000000e+00 
-1.487172e+00 -1.480282e+01 8.642879e+00 6.279751e+00 0.000000e+00 
-1.402702e+00 -1.473241e+01 8.216881e+00 7.805286e+00 0.000000e+00 
-1.323428e+00 -1.464666e+01 7.602497e+00 9.355230e+00 0.000000e+00 
-1.251247e+00 -1.454525e+01 6.806510e+00 1.093631e+01 0.000000e+00 
-1.187892e+00 -1.442773e+01 5.842134e+00 1.257434e+01 0.000000e+00 
-1.134931e+00 -1.429336e+01 4.727713e+00 1.431656e+01 0.000000e+00 
-1.093781e+00 -1.414079e+01 3.478594e+00 1.623813e+01 0.000000e+00 
-1.065782e+00 -1.396765e+01 2.096109e+00 1.846102e+01 0.000000e+00 
-1.052390e+00 -1.376990e+01 5.555128e-01 2.118820e+01 0.000000e+00 
-1.055403e+00 -1.354116e+01 -1.201614e+00 2.473132e+01 0.000000e+00 
-1.077422e+00 -1.327117e+01 -3.262108e+00 2.951886e+01 0.000000e+00 
-1.121591e+00 -1.294612e+01 -5.562677e+00 3.556403e+01 0.000000e+00 
-1.185810e+00 -1.256674e+01 -6.940063e+00 3.933893e+01 0.000000e+00 
-1.251618e+00 -1.218515e+01 -5.868963e+00 3.596521e+01 0.000000e+00 
-1.300150e+00 -1.185491e+01 -3.832166e+00 3.016505e+01 0.000000e+00 
-1.329146e+00 -1.157744e+01 -2.025307e+00 2.557740e+01 0.000000e+00 
-1.341722e+00 -1.133900e+01 -5.342031e-01 2.228900e+01 0.000000e+00 
-1.340559e+00 -1.112872e+01 7.369763e-01 1.988802e+01 0.000000e+00 
-1.327463e+00 -1.093930e+01 1.862134e+00 1.807608e+01 0.000000e+00 
-1.303658e+00 -1.076584e+01 2.883975e+00 1.667213e+01 0.000000e+00 
-1.270056e+00 -1.060487e+01 3.824071e+00 1.556678e+01 0.000000e+00 
-1.227422e+00 -1.045374e+01 4.690251e+00 1.469404e+01 0.000000e+00 
-1.176502e+00 -1.031034e+01 5.481117e+00 1.401413e+01 0.000000e+00 
-1.118078e+00 -1.017289e+01 6.188860e+00 1.350494e+01 0.000000e+00 
-1.053042e+00 -1.003972e+01 6.800493e+00 1.315357e+01 0.000000e+00 
-9.824514e-01 -9.909319e+00 7.297811e+00 1.295213e+01 0.000000e+00 
-9.075543e-01 -9.780212e+00 7.656127e+00 1.289075e+01 0.000000e+00 
-8.298939e-01 -9.651094e+00 7.843251e+00 1.294923e+01 0.000000e+00 
-7.513789e-01 -9.520935e+00 7.820065e+00 1.309306e+01 0.000000e+00 
-6.742909e-01 -9.389087e+00 7.549960e+00 1.327728e+01 0.000000e+00 
-6.012590e-01 -9.255408e+00 7.019580e+00 1.346075e+01 0.000000e+00 
-5.347313e-01 -9.119951e+00 6.250640e+00 1.362717e+01 0.000000e+00 
-4.768573e-01 -8.982878e+00 5.299565e+00 1.378724e+01 0.000000e+00 
-4.291036e-01 -8.844120e+00 4.238052e+00 1.397065e+01 0.000000e+00 
-3.922404e-01 -8.703270e+00 3.129804e+00 1.421202e+01 0.000000e+00 
-3.665094e-01 -8.559576e+00 2.020175e+00 1.454471e+01 0.000000e+00 
-3.517653e-01 -8.411952e+00 9.345510e-01 1.500100e+01 0.000000e+00 
-3.477057e-01 -8.259041e+00 -1.202148e-01 1.561323e+01 0.000000e+00 
-3.540759e-01 -8.099037e+00 -1.150870e+00 1.642652e+01 0.000000e+00 
-3.707158e-01 -7.929633e+00 -2.177308e+00 1.750198e+01 0.000000e+00 
-3.977189e-01 -7.747823e+00 -3.232134e+00 1.892966e+01 0.000000e+00 
-4.356150e-01 -7.549397e+00 -4.365554e+00 2.085595e+01 0.000000e+00 
-4.855435e-01 -7.328271e+00 -5.654123e+00 2.351768e+01 0.000000e+00 
-5.495813e-01 -7.075395e+00 -7.206660e+00 2.727162e+01 0.000000e+00 
-6.308336e-01 -6.778194e+00 -9.093232e+00 3.237802e+01 0.000000e+00 
-7.311698e-01 -6.427737e+00 -1.083602e+01 3.730948e+01 0.000000e+00 
-8.416070e-01 -6.050731e+00 -1.088483e+01 3.692039e+01 0.000000e+00 
-9.439406e-01 -5.704856e+00 -9.498203e+00 3.201159e+01 0.000000e+00 
-1.031835e+00 -5.409131e+00 -8.137874e+00 2.733735e+01 0.000000e+00 
-1.107935e+00 -5.153869e+00 -7.137390e+00 2.390059e+01 0.000000e+00 
-1.175549e+00 -4.927966e+00 -6.426962e+00 2.141153e+01 0.000000e+00 
-1.237143e+00 -4.723571e+00 -5.919177e+00 1.954940e+01 0.000000e+00 
-1.294418e+00 -4.535584e+00 -5.557159e+00 1.810712e+01 0.000000e+00 
-1.348645e+00 -4.360497e+00 -5.304289e+00 1.694853e+01 0.000000e+00 
-1.400793e+00 -4.195944e+00 -5.138291e+00 1.598753e+01 0.000000e+00 
-1.451651e+00 -4.040282e+00 -5.044301e+00 1.516749e+01 0.000000e+00 
-1.501873e+00 -3.892272e+00 -5.009139e+00 1.444947e+01 0.000000e+00 
-1.551985e+00 -3.751021e+00 -5.020393e+00 1.381090e+01 0.000000e+00 
-1.602373e+00 -3.615793e+00 -5.060678e+00 1.324719e+01 0.000000e+00 
-1.653221e+00 -3.485805e+00 -5.107235e+00 1.276854e+01 0.000000e+00 
-1.704460e+00 -3.360089e+00 -5.134904e+00 1.239429e+01 0.000000e+00 
-1.755781e+00 -3.237492e+00 -5.117231e+00 1.215121e+01 0.000000e+00 
-1.806627e+00 -3.116598e+00 -5.039558e+00 1.205359e+01 0.000000e+00 
-1.856368e+00 -2.995940e+00 -4.903674e+00 1.209555e+01 0.000000e+00 
-1.904525e+00 -2.874260e+00 -4.723908e+00 1.225676e+01 0.000000e+00 
-1.950781e+00 -2.750518e+00 -4.526477e+00 1.250332e+01 0.000000e+00 
-1.995082e+00 -2.624008e+00 -4.337405e+00 1.280509e+01 0.000000e+00 
-2.037622e+00 -2.494292e+00 -4.175385e+00 1.314573e+01 0.000000e+00 
-2.078727e+00 -2.360988e+00 -4.052895e+00 1.352104e+01 0.000000e+00 
-2.118835e+00 -2.223725e+00 -3.976490e+00 1.393891e+01 0.000000e+00 
-2.158423e+00 -2.082016e+00 -3.949645e+00 1.441499e+01 0.000000e+00 
-2.198003e+00 -1.935164e+00 -3.975814e+00 1.497226e+01 0.000000e+00 
-2.238131e+00 -1.782199e+00 -4.059939e+00 1.564143e+01 0.000000e+00 
-2.279421e+00 -1.621817e+00 -4.209602e+00 1.646302e+01 0.000000e+00 
-2.322580e+00 -1.452257e+00 -4.437057e+00 1.749155e+01 0.000000e+00 
-2.368485e+00 -1.271040e+00 -4.761973e+00 1.880693e+01 0.000000e+00 
-2.418236e+00 -1.074799e+00 -5.212589e+00 2.051974e+01 0.000000e+00 
-2.473283e+00 -8.588220e-01 -5.825831e+00 2.277636e+01 0.000000e+00 
-2.535355e+00 -6.171285e-01 -6.617305e+00 2.566967e+01 0.000000e+00 
-2.605856e+00 -3.443026e-01 -7.460169e+00 2.884566e+01 0.000000e+00 
-2.682890e+00 -4.509965e-02 -7.790068e+00 3.051374e+01 0.000000e+00 
-2.757791e+00 2.539898e-01 -7.013402e+00 2.876374e+01 0.000000e+00 
-2.821025e+00 5.240236e-01 -5.596145e+00 2.516334e+01 0.000000e+00 
-2.869762e+00 7.582269e-01 -4.174253e+00 2.178966e+01 0.000000e+00 
-2.905049e+00 9.622490e-01 -2.909074e+00 1.913028e+01 0.000000e+00 
-2.928399e+00 1.142863e+00 -1.776493e+00 1.707289e+01 0.000000e+00 
-2.940870e+00 1.305136e+00 -7.301947e-01 1.544347e+01 0.000000e+00 
-2.943157e+00 1.452660e+00 2.658289e-01 1.410083e+01 0.000000e+00 
-2.935643e+00 1.587769e+00 1.233581e+00 1.294583e+01 0.000000e+00 
-2.918544e+00 1.711966e+00 2.183210e+00 1.190850e+01 0.000000e+00 
-2.892035e+00 1.826149e+00 3.116056e+00 1.093453e+01 0.000000e+00 
-2.856304e+00 1.930726e+00 4.025342e+00 9.981813e+00 0.000000e+00 
-2.811646e+00 2.025738e+00 4.898260e+00 9.016327e+00 0.000000e+00 
-2.758513e+00 2.110923e+00 5.717684e+00 8.010975e+00 0.000000e+00 
-2.697530e+00 2.185778e+00 6.464187e+00 6.945481e+00 0.000000e+00 
-2.629541e+00 2.249601e+00 7.118584e+00 5.806842e+00 0.000000e+00 
-2.555528e+00 2.301631e+00 7.666184e+00 4.588593e+00 0.000000e+00 
-2.476602e+00 2.341090e+00 8.097533e+00 3.290632e+00 0.000000e+00 
-2.393967e+00 2.367197e+00 8.408775e+00 1.918583e+00 0.000000e+00 
-2.308816e+00 2.379248e+00 8.602696e+00 4.816562e-01 0.000000e+00 
-2.222282e+00 2.376651e+00 8.687312e+00 -1.008377e+00 0.000000e+00 
-2.135393e+00 2.358945e+00 8.675452e+00 -2.537972e+00 0.000000e+00 
-2.049035e+00 2.325806e+00 8.584472e+00 -4.092020e+00 0.000000e+00 
-1.963898e+00 2.277075e+00 8.435718e+00 -5.655063e+00 0.000000e+00 
-1.880434e+00 2.212722e+00 8.253479e+00 -7.214043e+00 0.000000e+00 
-1.798857e+00 2.132800e+00 8.064317e+00 -8.760861e+00 0.000000e+00 
-1.719096e+00 2.037517e+00 7.894099e+00 -1.029489e+01 0.000000e+00 
-1.640831e+00 1.926942e+00 7.767418e+00 -1.183044e+01 0.000000e+00 
-1.563514e+00 1.800837e+00 7.707821e+00 -1.340043e+01 0.000000e+00 
-1.486365e+00 1.658631e+00 7.738155e+00 -1.505740e+01 0.000000e+00 
-1.408365e+00 1.499125e+00 7.883603e+00 -1.688074e+01 0.000000e+00 
-1.328207e+00 1.320095e+00 8.177561e+00 -1.899068e+01 0.000000e+00 
-1.244155e+00 1.117753e+00 8.670220e+00 -2.157212e+01 0.000000e+00 
-1.153897e+00 8.861817e-01 9.433274e+00 -2.489014e+01 0.000000e+00 
-1.054368e+00 6.166332e-01 1.052973e+01 -2.919328e+01 0.000000e+00 
-9.426757e-01 3.004616e-01 1.177909e+01 -3.393550e+01 0.000000e+00 
-8.217953e-01 -5.196280e-02 1.211729e+01 -3.561431e+01 0.000000e+00 
-7.060736e-01 -3.927162e-01 1.083787e+01 -3.191479e+01 0.000000e+00 
-6.062616e-01 -6.864582e-01 9.148509e+00 -2.692911e+01 0.000000e+00 
-5.220993e-01 -9.349403e-01 7.739760e+00 -2.296722e+01 0.000000e+00 
-4.504745e-01 -1.149380e+00 6.624901e+00 -2.006758e+01 0.000000e+00 
-3.889357e-01 -1.338806e+00 5.710335e+00 -1.792447e+01 0.000000e+00 
-3.358617e-01 -1.509566e+00 4.920009e+00 -1.629797e+01 0.000000e+00 
-2.902888e-01 -1.665986e+00 4.204071e+00 -1.503916e+01 0.000000e+00 
-2.516506e-01 -1.811241e+00 3.527950e+00 -1.405095e+01 0.000000e+00 
-2.196763e-01 -1.947701e+00 2.867632e+00 -1.327122e+01 0.000000e+00 
-1.943040e-01 -2.077219e+00 2.205864e+00 -1.265831e+01 0.000000e+00 
-1.756072e-01 -2.201315e+00 1.530300e+00 -1.218140e+01 0.000000e+00 
-1.637611e-01 -2.321221e+00 8.334846e-01 -1.181744e+01 0.000000e+00 
-1.590161e-01 -2.437973e+00 1.129227e-01 -1.154669e+01 0.000000e+00 
-1.615777e-01 -2.552400e+00 -6.265574e-01 -1.134841e+01 0.000000e+00 
-1.715705e-01 -2.665110e+00 -1.372213e+00 -1.119986e+01 0.000000e+00 
-1.889691e-01 -2.776479e+00 -2.102600e+00 -1.107538e+01 0.000000e+00 
-2.134712e-01 -2.886600e+00 -2.787823e+00 -1.094654e+01 0.000000e+00 
-2.444745e-01 -2.995315e+00 -3.397673e+00 -1.078980e+01 0.000000e+00 
-2.810937e-01 -3.102253e+00 -3.905805e+00 -1.059021e+01 0.000000e+00 
-3.222229e-01 -3.206983e+00 -4.302600e+00 -1.035287e+01 0.000000e+00 
-3.667689e-01 -3.309230e+00 -4.591393e+00 -1.009578e+01 0.000000e+00 
-4.137302e-01 -3.408931e+00 -4.785736e+00 -9.845970e+00 0.000000e+00 
-4.622366e-01 -3.506288e+00 -4.905200e+00 -9.634362e+00 0.000000e+00 
-5.116331e-01 -3.601824e+00 -4.964315e+00 -9.483196e+00 0.000000e+00 
-5.613633e-01 -3.696218e+00 -4.973062e+00 -9.408962e+00 0.000000e+00 
-6.109438e-01 -3.790292e+00 -4.936341e+00 -9.422268e+00 0.000000e+00 
-6.599467e-01 -3.884971e+00 -4.854728e+00 -9.529298e+00 0.000000e+00 
-7.079073e-01 -3.981199e+00 -4.726274e+00 -9.733912e+00 0.000000e+00 
-7.543247e-01 -4.079975e+00 -4.547753e+00 -1.004001e+01 0.000000e+00 
-7.986745e-01 -4.182351e+00 -4.315354e+00 -1.045340e+01 0.000000e+00 
-8.404094e-01 -4.289436e+00 -4.024684e+00 -1.098174e+01 0.000000e+00 
-8.789437e-01 -4.402428e+00 -3.670713e+00 -1.163660e+01 0.000000e+00 
-9.136119e-01 -4.522646e+00 -3.248781e+00 -1.243525e+01 0.000000e+00 
-9.436888e-01 -4.651659e+00 -2.752521e+00 -1.340459e+01 0.000000e+00 
-9.683724e-01 -4.791440e+00 -2.171806e+00 -1.458922e+01 0.000000e+00 
-9.867770e-01 -4.944399e+00 -1.492540e+00 -1.605233e+01 0.000000e+00 
-9.978175e-01 -5.113744e+00 -6.930715e-01 -1.789005e+01 0.000000e+00 
-1.000136e+00 -5.303910e+00 2.582418e-01 -2.024465e+01 0.000000e+00 
-9.920111e-01 -5.521002e+00 1.399163e+00 -2.330137e+01 0.000000e+00 
-9.715784e-01 -5.772434e+00 2.707329e+00 -2.709340e+01 0.000000e+00 
-9.383306e-01 -6.062525e+00 3.849682e+00 -3.069586e+01 0.000000e+00 
-8.982536e-01 -6.376051e+00 3.906877e+00 -3.125551e+01 0.000000e+00 
-8.649602e-01 -6.673865e+00 2.594584e+00 -2.787752e+01 0.000000e+00 
-8.477339e-01 -6.930542e+00 8.442757e-01 -2.349144e+01 0.000000e+00 
-8.476731e-01 -7.145749e+00 -8.009486e-01 -1.967329e+01 0.000000e+00 
-8.630975e-01 -7.326291e+00 -2.255111e+00 -1.652896e+01 0.000000e+00 
-8.921993e-01 -7.477906e+00 -3.537080e+00 -1.385903e+01 0.000000e+00 
-9.333381e-01 -7.604433e+00 -4.665685e+00 -1.148263e+01 0.000000e+00 
-9.850259e-01 -7.708116e+00 -5.647593e+00 -9.275355e+00 0.000000e+00 
-1.045798e+00 -7.790232e+00 -6.481672e+00 -7.157931e+00 0.000000e+00 
-1.114162e+00 -7.851427e+00 -7.165035e+00 -5.083306e+00 0.000000e+00 
-1.188598e+00 -7.891975e+00 -7.698419e+00 -3.028640e+00 0.000000e+00 
-1.267648e+00 -7.912026e+00 -8.089557e+00 -9.854098e-01 0.000000e+00 
-1.349967e+00 -7.911713e+00 -8.354012e+00 1.044978e+00 0.000000e+00 
-1.434387e+00 -7.891183e+00 -8.514693e+00 3.056235e+00 0.000000e+00 
-1.520009e+00 -7.850667e+00 -8.600163e+00 5.044316e+00 0.000000e+00 
-1.606241e+00 -7.790367e+00 -8.641681e+00 7.013746e+00 0.000000e+00 
-1.692808e+00 -7.710385e+00 -8.672482e+00 8.980501e+00 0.000000e+00 
-1.779762e+00 -7.610650e+00 -8.725272e+00 1.097599e+01 0.000000e+00 
-1.867493e+00 -7.490632e+00 -8.833458e+00 1.305288e+01 0.000000e+00 
-1.956737e+00 -7.349075e+00 -9.032841e+00 1.529057e+01 0.000000e+00 
-2.048576e+00 -7.183949e+00 -9.360626e+00 1.779097e+01 0.000000e+00 
-2.144514e+00 -6.991955e+00 -9.853234e+00 2.066612e+01 0.000000e+00 
-2.246139e+00 -6.769554e+00 -1.049068e+01 2.384827e+01 0.000000e+00 
-2.354144e+00 -6.516191e+00 -1.106033e+01 2.662728e+01 0.000000e+00 
-2.465395e+00 -6.244128e+00 -1.104578e+01 2.727414e+01 0.000000e+00 
-2.572257e+00 -5.980587e+00 -1.022205e+01 2.506526e+01 0.000000e+00 
-2.668816e+00 -5.746483e+00 -9.083243e+00 2.172681e+01 0.000000e+00 
-2.754252e+00 -5.545010e+00 -8.031793e+00 1.866006e+01 0.000000e+00 
-2.830032e+00 -5.371314e+00 -7.151692e+00 1.617348e+01 0.000000e+00 
-2.897779e+00 -5.219811e+00 -6.417656e+00 1.419933e+01 0.000000e+00 
-2.958745e+00 -5.086000e+00 -5.789915e+00 1.261699e+01 0.000000e+00 
-3.013822e+00 -4.966496e+00 -5.236853e+00 1.133073e+01 0.000000e+00 
-3.063642e+00 -4.858670e+00 -4.733966e+00 1.026741e+01 0.000000e+00 
-3.108616e+00 -4.760560e+00 -4.264458e+00 9.377697e+00 0.000000e+00 
-3.149006e+00 -4.670637e+00 -3.816921e+00 8.628464e+00 0.000000e+00 
-3.184991e+00 -4.587628e+00 -3.382204e+00 7.992986e+00 0.000000e+00 
-3.216667e+00 -4.510482e+00 -2.953229e+00 7.450349e+00 0.000000e+00 
-3.244062e+00 -4.438361e+00 -2.524871e+00 6.984767e+00 0.000000e+00 
-3.267161e+00 -4.370565e+00 -2.093368e+00 6.583525e+00 0.000000e+00 
-3.285911e+00 -4.306510e+00 -1.655845e+00 6.235538e+00 0.000000e+00 
-3.300243e+00 -4.245717e+00 -1.210130e+00 5.930301e+00 0.000000e+00 
-3.310074e+00 -4.187802e+00 -7.547493e-01 5.657872e+00 0.000000e+00 
-3.315303e+00 -4.132484e+00 -2.889342e-01 5.408878e+00 0.000000e+00 
-3.315823e+00 -4.079575e+00 1.873771e-01 5.174505e+00 0.000000e+00 
-3.311535e+00 -4.028975e+00 6.733777e-01 4.946023e+00 0.000000e+00 
-3.302337e+00 -3.980669e+00 1.167431e+00 4.714646e+00 0.000000e+00 
-3.288161e+00 -3.934727e+00 1.667217e+00 4.471930e+00 0.000000e+00 
-3.268971e+00 -3.891299e+00 2.169732e+00 4.209781e+00 0.000000e+00 
-3.244762e+00 -3.850618e+00 2.671291e+00 3.920461e+00 0.000000e+00 
-3.215563e+00 -3.812997e+00 3.167528e+00 3.596584e+00 0.000000e+00 
-3.181447e+00 -3.778818e+00 3.653709e+00 3.231464e+00 0.000000e+00 
-3.142540e+00 -3.748521e+00 4.124949e+00 2.819713e+00 0.000000e+00 
-3.099017e+00 -3.722599e+00 4.576377e+00 2.356655e+00 0.000000e+00 
-3.051097e+00 -3.701579e+00 5.003352e+00 1.838246e+00 0.000000e+00 
-2.999045e+00 -3.686031e+00 5.401455e+00 1.261071e+00 0.000000e+00 
-2.943174e+00 -3.676558e+00 5.766499e+00 6.223478e-01 0.000000e+00 
-2.883835e+00 -3.673793e+00 6.094576e+00 -8.053201e-02 0.000000e+00 
-2.821417e+00 -3.678391e+00 6.381924e+00 -8.505219e-01 0.000000e+00 
-2.756344e+00 -3.691037e+00 6.625500e+00 -1.690127e+00 0.000000e+00 
-2.689062e+00 -3.712434e+00 6.823209e+00 -2.601348e+00 0.000000e+00 
-2.620030e+00 -3.743304e+00 6.974221e+00 -3.585512e+00 0.000000e+00 
-2.549721e+00 -3.784378e+00 7.080175e+00 -4.641650e+00 0.000000e+00 
-2.478566e+00 -3.836367e+00 7.146044e+00 -5.766705e+00 0.000000e+00 
-2.406912e+00 -3.899933e+00 7.180656e+00 -6.956200e+00 0.000000e+00 
-2.335015e+00 -3.975701e+00 7.196692e+00 -8.204912e+00 0.000000e+00 
-2.262985e+00 -4.064232e+00 7.210361e+00 -9.509220e+00 0.000000e+00 
-2.190756e+00 -4.166064e+00 7.240177e+00 -1.087159e+01 0.000000e+00 
-2.118062e+00 -4.281886e+00 7.306344e+00 -1.230750e+01 0.000000e+00 
-2.044432e+00 -4.412565e+00 7.430868e+00 -1.384655e+01 0.000000e+00 
-1.969167e+00 -4.559340e+00 7.638095e+00 -1.554009e+01 0.000000e+00 
-1.891299e+00 -4.724143e+00 7.958452e+00 -1.747344e+01 0.000000e+00 
-1.809476e+00 -4.910069e+00 8.436051e+00 -1.978737e+01 0.000000e+00 
-1.721836e+00 -5.121895e+00 9.137140e+00 -2.270508e+01 0.000000e+00 
-1.625650e+00 -5.367346e+00 1.016513e+01 -2.658237e+01 0.000000e+00 
-1.517011e+00 -5.658262e+00 1.164256e+01 -3.185305e+01 0.000000e+00 
-1.391803e+00 -6.007528e+00 1.336190e+01 -3.787003e+01 0.000000e+00 
-1.254390e+00 -6.400110e+00 1.373165e+01 -3.933857e+01 0.000000e+00 
-1.124388e+00 -6.770099e+00 1.209310e+01 -3.407436e+01 0.000000e+00 
-1.012876e+00 -7.080503e+00 1.027474e+01 -2.822758e+01 0.000000e+00 
-9.173335e-01 -7.339854e+00 8.904865e+00 -2.387845e+01 0.000000e+00 
-8.335686e-01 -7.562071e+00 7.898402e+00 -2.073055e+01 0.000000e+00 
-7.585845e-01 -7.757045e+00 7.129006e+00 -1.836556e+01 0.000000e+00 
-6.904757e-01 -7.931102e+00 6.514007e+00 -1.651837e+01 0.000000e+00 
-6.279750e-01 -8.088568e+00 5.999826e+00 -1.502442e+01 0.000000e+00 
-5.702597e-01 -8.232436e+00 5.551685e+00 -1.378410e+01 0.000000e+00 
-5.168010e-01 -8.364891e+00 5.145937e+00 -1.273676e+01 0.000000e+00 
-4.672630e-01 -8.487665e+00 4.764381e+00 -1.184099e+01 0.000000e+00 
-4.214749e-01 -8.602130e+00 4.393322e+00 -1.107061e+01 0.000000e+00 
-3.793951e-01 -8.709444e+00 4.022056e+00 -1.040875e+01 0.000000e+00 
-3.410683e-01 -8.810623e+00 3.642528e+00 -9.842560e+00 0.000000e+00 
-3.065954e-01 -8.906570e+00 3.249370e+00 -9.360431e+00 0.000000e+00 
-2.761317e-01 -8.998075e+00 2.839861e+00 -8.951977e+00 0.000000e+00 
-2.498436e-01 -9.085820e+00 2.414250e+00 -8.606068e+00 0.000000e+00 
-2.278778e-01 -9.170354e+00 1.977133e+00 -8.307943e+00 0.000000e+00 
-2.103214e-01 -9.252083e+00 1.534481e+00 -8.043047e+00 0.000000e+00 
-1.971916e-01 -9.331277e+00 1.093047e+00 -7.797655e+00 0.000000e+00 
-1.884358e-01 -9.408064e+00 6.603691e-01 -7.558867e+00 0.000000e+00 
-1.839337e-01 -9.482448e+00 2.437919e-01 -7.315757e+00 0.000000e+00 
-1.835015e-01 -9.554356e+00 -1.536216e-01 -7.064378e+00 0.000000e+00 
-1.869366e-01 -9.623698e+00 -5.310078e-01 -6.804711e+00 0.000000e+00 
-1.940476e-01 -9.690416e+00 -8.889206e-01 -6.539296e+00 0.000000e+00 
-2.046544e-01 -9.754483e+00 -1.229343e+00 -6.273239e+00 0.000000e+00 
-2.185895e-01 -9.815913e+00 -1.555512e+00 -6.013972e+00 0.000000e+00 
-2.357238e-01 -9.874812e+00 -1.870101e+00 -5.768657e+00 0.000000e+00 
-2.559589e-01 -9.931357e+00 -2.175141e+00 -5.544245e+00 0.000000e+00 
-2.792035e-01 -9.985791e+00 -2.471876e+00 -5.347459e+00 0.000000e+00 
-3.053728e-01 -1.003842e+01 -2.760658e+00 -5.184661e+00 0.000000e+00 
-3.343866e-01 -1.008962e+01 -3.040947e+00 -5.061849e+00 0.000000e+00 
-3.661526e-01 -1.013981e+01 -3.311295e+00 -4.984699e+00 0.000000e+00 
-4.005678e-01 -1.018949e+01 -3.569315e+00 -4.958786e+00 0.000000e+00 
-4.374927e-01 -1.023918e+01 -3.811763e+00 -4.989445e+00 0.000000e+00 
-4.767458e-01 -1.028948e+01 -4.034557e+00 -5.081747e+00 0.000000e+00 
-5.181030e-01 -1.034103e+01 -4.232772e+00 -5.240497e+00 0.000000e+00 
-5.612976e-01 -1.039452e+01 -4.400668e+00 -5.470305e+00 0.000000e+00 
-6.060006e-01 -1.045069e+01 -4.531838e+00 -5.775833e+00 0.000000e+00 
-6.518012e-01 -1.051030e+01 -4.619165e+00 -6.161257e+00 0.000000e+00 
-6.982195e-01 -1.057418e+01 -4.655372e+00 -6.631510e+00 0.000000e+00 
-7.447073e-01 -1.064323e+01 -4.633101e+00 -7.192482e+00 0.000000e+00 
-7.906485e-01 -1.071837e+01 -4.544914e+00 -7.851017e+00 0.000000e+00 
-8.353551e-01 -1.080061e+01 -4.383345e+00 -8.615757e+00 0.000000e+00 
-8.780528e-01 -1.089108e+01 -4.141499e+00 -9.499591e+00 0.000000e+00 
-9.178964e-01 -1.099105e+01 -3.812308e+00 -1.052159e+01 0.000000e+00 
-9.539758e-01 -1.110207e+01 -3.387800e+00 -1.171078e+01 0.000000e+00 
-9.853002e-01 -1.122597e+01 -2.858494e+00 -1.310898e+01 0.000000e+00 
-1.010755e+00 -1.136515e+01 -2.211359e+00 -1.477910e+01 0.000000e+00 
-1.029073e+00 -1.152277e+01 -1.427857e+00 -1.681453e+01 0.000000e+00 
-1.038776e+00 -1.170308e+01 -4.844058e-01 -1.934181e+01 0.000000e+00 
-1.038193e+00 -1.191161e+01 6.291517e-01 -2.247231e+01 0.000000e+00 
-1.025859e+00 -1.215418e+01 1.828356e+00 -2.605308e+01 0.000000e+00 
-1.002742e+00 -1.243014e+01 2.671042e+00 -2.880082e+01 0.000000e+00 
-9.762843e-01 -1.271916e+01 2.397518e+00 -2.835452e+01 0.000000e+00 
-9.583505e-01 -1.298710e+01 1.082517e+00 -2.495167e+01 0.000000e+00 
-9.554887e-01 -1.321642e+01 -5.098668e-01 -2.094675e+01 0.000000e+00 
-9.681749e-01 -1.340762e+01 -1.999997e+00 -1.738749e+01 0.000000e+00 
-9.949024e-01 -1.356590e+01 -3.317197e+00 -1.434034e+01 0.000000e+00 
-1.033958e+00 -1.369565e+01 -4.466414e+00 -1.166041e+01 0.000000e+00 
-1.083707e+00 -1.379988e+01 -5.457493e+00 -9.213879e+00 0.000000e+00 
-1.142598e+00 -1.388039e+01 -6.295852e+00 -6.907656e+00 0.000000e+00 
-1.209128e+00 -1.393829e+01 -6.985540e+00 -4.683167e+00 0.000000e+00 
-1.281839e+00 -1.397422e+01 -7.532812e+00 -2.507522e+00 0.000000e+00 
-1.359352e+00 -1.398857e+01 -7.949509e+00 -3.656486e-01 0.000000e+00 
-1.440448e+00 -1.398163e+01 -8.253973e+00 1.748979e+00 0.000000e+00 
-1.524133e+00 -1.395365e+01 -8.470128e+00 3.842199e+00 0.000000e+00 
-1.609656e+00 -1.390482e+01 -8.627053e+00 5.921013e+00 0.000000e+00 
-1.696582e+00 -1.383522e+01 -8.756307e+00 8.002009e+00 0.000000e+00 
-1.784800e+00 -1.374468e+01 -8.891108e+00 1.011621e+01 0.000000e+00 
-1.874509e+00 -1.363272e+01 -9.063702e+00 1.230465e+01 0.000000e+00 
-1.966298e+00 -1.349817e+01 -9.312704e+00 1.464607e+01 0.000000e+00 
-2.061222e+00 -1.333873e+01 -9.679526e+00 1.724424e+01 0.000000e+00 
-2.160324e+00 -1.315239e+01 -1.015870e+01 2.005569e+01 0.000000e+00 
-2.264545e+00 -1.293771e+01 -1.068708e+01 2.285285e+01 0.000000e+00 
-2.373314e+00 -1.269849e+01 -1.099429e+01 2.471446e+01 0.000000e+00 
-2.482350e+00 -1.245106e+01 -1.069461e+01 2.434397e+01 0.000000e+00 
-2.585311e+00 -1.221849e+01 -9.837444e+00 2.194990e+01 0.000000e+00 
-2.678645e+00 -1.201386e+01 -8.833213e+00 1.897913e+01 0.000000e+00 
-2.762311e+00 -1.183788e+01 -7.922853e+00 1.629113e+01 0.000000e+00 
-2.837565e+00 -1.168649e+01 -7.149390e+00 1.406064e+01 0.000000e+00 
-2.905690e+00 -1.155530e+01 -6.492410e+00 1.223902e+01 0.000000e+00 
-2.967704e+00 -1.144062e+01 -5.921855e+00 1.073961e+01 0.000000e+00 
-3.024336e+00 -1.133966e+01 -5.413861e+00 9.492380e+00 0.000000e+00 
-3.076121e+00 -1.125014e+01 -4.949717e+00 8.442476e+00 0.000000e+00 
-3.123430e+00 -1.117029e+01 -4.515546e+00 7.549306e+00 0.000000e+00 
-3.166506e+00 -1.109870e+01 -4.102234e+00 6.785438e+00 0.000000e+00 
-3.205521e+00 -1.103421e+01 -3.703244e+00 6.130227e+00 0.000000e+00 
-3.240594e+00 -1.097581e+01 -3.313244e+00 5.566072e+00 0.000000e+00 
-3.271799e+00 -1.092265e+01 -2.928078e+00 5.078336e+00 0.000000e+00 
-3.299165e+00 -1.087403e+01 -2.544761e+00 4.655277e+00 0.000000e+00 
-3.322698e+00 -1.082936e+01 -2.161283e+00 4.286963e+00 0.000000e+00 
-3.342387e+00 -1.078814e+01 -1.776136e+00 3.964405e+00 0.000000e+00 
-3.358209e+00 -1.074995e+01 -1.388106e+00 3.678949e+00 0.000000e+00 
-3.370132e+00 -1.071447e+01 -9.962544e-01 3.422183e+00 0.000000e+00 
-3.378117e+00 -1.068144e+01 -5.999237e-01 3.185925e+00 0.000000e+00 
-3.382116e+00 -1.065071e+01 -1.987349e-01 2.962230e+00 0.000000e+00 
-3.382083e+00 -1.062218e+01 2.074004e-01 2.743424e+00 0.000000e+00 
-3.377971e+00 -1.059585e+01 6.181597e-01 2.521813e+00 0.000000e+00 
-3.369726e+00 -1.057179e+01 1.032815e+00 2.289576e+00 0.000000e+00 
-3.357309e+00 -1.055014e+01 1.450285e+00 2.039019e+00 0.000000e+00 
-3.340702e+00 -1.053111e+01 1.869131e+00 1.762580e+00 0.000000e+00 
-3.319908e+00 -1.051500e+01 2.287562e+00 1.452828e+00 0.000000e+00 
-3.294944e+00 -1.050218e+01 2.703434e+00 1.102464e+00 0.000000e+00 
-3.265852e+00 -1.049309e+01 3.114246e+00 7.043195e-01 0.000000e+00 
-3.232688e+00 -1.048826e+01 3.517161e+00 2.513742e-01 0.000000e+00 
-3.195543e+00 -1.048826e+01 3.909306e+00 -2.627707e-01 0.000000e+00 
-3.154545e+00 -1.049373e+01 4.287782e+00 -8.438355e-01 0.000000e+00 
-3.109843e+00 -1.050538e+01 4.650312e+00 -1.497038e+00 0.000000e+00 
-3.061601e+00 -1.052393e+01 4.995406e+00 -2.227043e+00 0.000000e+00 
-3.009995e+00 -1.055019e+01 5.322379e+00 -3.038003e+00 0.000000e+00 
-2.955200e+00 -1.058498e+01 5.631980e+00 -3.934109e+00 0.000000e+00 
-2.897396e+00 -1.062916e+01 5.926598e+00 -4.918264e+00 0.000000e+00 
-2.836711e+00 -1.068364e+01 6.210978e+00 -5.995788e+00 0.000000e+00 
-2.773199e+00 -1.074941e+01 6.492491e+00 -7.175493e+00 0.000000e+00 
-2.706839e+00 -1.082755e+01 6.781161e+00 -8.469773e+00 0.000000e+00 
-2.637499e+00 -1.091929e+01 7.090632e+00 -9.899140e+00 0.000000e+00 
-2.564902e+00 -1.102607e+01 7.438227e+00 -1.149467e+01 0.000000e+00 
-2.488534e+00 -1.114989e+01 7.848909e+00 -1.331284e+01 0.000000e+00 
-2.407599e+00 -1.129337e+01 8.356750e+00 -1.544096e+01 0.000000e+00 
-2.320913e+00 -1.146020e+01 9.010228e+00 -1.801612e+01 0.000000e+00 
-2.226679e+00 -1.165587e+01 9.879506e+00 -2.124974e+01 0.000000e+00 
-2.122313e+00 -1.188829e+01 1.105060e+01 -2.540710e+01 0.000000e+00 
-2.004655e+00 -1.216703e+01 1.250825e+01 -3.041108e+01 0.000000e+00 
-1.873182e+00 -1.249249e+01 1.361830e+01 -3.408185e+01 0.000000e+00 
-1.737368e+00 -1.283080e+01 1.327603e+01 -3.263518e+01 0.000000e+00 
-1.610742e+00 -1.313405e+01 1.200762e+01 -2.784067e+01 0.000000e+00 
-1.496713e+00 -1.338864e+01 1.085097e+01 -2.322125e+01 0.000000e+00 
-1.392617e+00 -1.360158e+01 1.001758e+01 -1.950323e+01 0.000000e+00 
-1.295494e+00 -1.378106e+01 9.444015e+00 -1.649017e+01 0.000000e+00 
-1.203145e+00 -1.393291e+01 9.049870e+00 -1.393820e+01 0.000000e+00 
-1.114105e+00 -1.406080e+01 8.773893e+00 -1.167797e+01 0.000000e+00 
-1.027429e+00 -1.416707e+01 8.570387e+00 -9.604698e+00 0.000000e+00 
-9.425837e-01 -1.425328e+01 8.401257e+00 -7.652815e+00 0.000000e+00 
-8.593925e-01 -1.432043e+01 8.235341e+00 -5.789188e+00 0.000000e+00 
-7.779620e-01 -1.436931e+01 8.045630e+00 -3.999662e+00 0.000000e+00 
-6.986354e-01 -1.440064e+01 7.809690e+00 -2.279895e+00 0.000000e+00 
-6.219704e-01 -1.441515e+01 7.509944e+00 -6.335852e-01 0.000000e+00 
-5.486727e-01 -1.441360e+01 7.134859e+00 9.331454e-01 0.000000e+00 
-4.795437e-01 -1.439680e+01 6.679137e+00 2.415346e+00 0.000000e+00 
-4.153754e-01 -1.436557e+01 6.142840e+00 3.812448e+00 0.000000e+00 
-3.569434e-01 -1.432079e+01 5.531339e+00 5.128513e+00 0.000000e+00 
-3.049671e-01 -1.426322e+01 4.853871e+00 6.373015e+00 0.000000e+00 
-2.600480e-01 -1.419352e+01 4.121441e+00 7.561933e+00 0.000000e+00 
-2.226862e-01 -1.411210e+01 3.344344e+00 8.718029e+00 0.000000e+00 
-1.932837e-01 -1.401916e+01 2.531237e+00 9.871241e+00 0.000000e+00 
-1.721674e-01 -1.391455e+01 1.687186e+00 1.105945e+01 0.000000e+00 
-1.596385e-01 -1.379771e+01 8.120141e-01 1.233095e+01 0.000000e+00 
-1.560507e-01 -1.366745e+01 -1.013229e-01 1.374992e+01 0.000000e+00 
-1.618394e-01 -1.352195e+01 -1.066925e+00 1.539748e+01 0.000000e+00 
-1.776387e-01 -1.335839e+01 -2.106623e+00 1.737654e+01 0.000000e+00 
-2.042689e-01 -1.317304e+01 -3.235654e+00 1.976971e+01 0.000000e+00 
-2.425727e-01 -1.296174e+01 -4.423887e+00 2.251445e+01 0.000000e+00 
-2.923178e-01 -1.272353e+01 -5.468166e+00 2.497542e+01 0.000000e+00 
-3.500402e-01 -1.246782e+01 -5.957671e+00 2.580637e+01 0.000000e+00 
-4.090799e-01 -1.221469e+01 -5.757838e+00 2.454122e+01 0.000000e+00 
-4.641454e-01 -1.197999e+01 -5.235196e+00 2.235110e+01 0.000000e+00 
-5.138076e-01 -1.176730e+01 -4.710336e+00 2.024195e+01 0.000000e+00 
-5.586958e-01 -1.157388e+01 -4.285963e+00 1.850648e+01 0.000000e+00 
-5.998921e-01 -1.139594e+01 -3.968964e+00 1.713534e+01 0.000000e+00 
-6.383831e-01 -1.123020e+01 -3.743574e+00 1.605535e+01 0.000000e+00 
-6.750098e-01 -1.107410e+01 -3.593620e+00 1.519680e+01 0.000000e+00 
-7.104643e-01 -1.092571e+01 -3.506349e+00 1.450403e+01 0.000000e+00 
-7.453193e-01 -1.078360e+01 -3.473555e+00 1.393676e+01 0.000000e+00 
-7.800951e-01 -1.064668e+01 -3.489799e+00 1.346247e+01 0.000000e+00 
-8.152647e-01 -1.051412e+01 -3.552049e+00 1.305588e+01 0.000000e+00 
-8.512843e-01 -1.038539e+01 -3.659578e+00 1.269608e+01 0.000000e+00 
-8.886102e-01 -1.026011e+01 -3.812322e+00 1.236572e+01 0.000000e+00 
-9.276815e-01 -1.013804e+01 -4.008735e+00 1.205196e+01 0.000000e+00 
-9.689195e-01 -1.001905e+01 -4.245739e+00 1.174652e+01 0.000000e+00 
-1.012705e+00 -9.903073e+00 -4.517528e+00 1.144713e+01 0.000000e+00 
-1.059326e+00 -9.790027e+00 -4.808354e+00 1.116749e+01 0.000000e+00 
-1.108871e+00 -9.679594e+00 -5.096567e+00 1.093224e+01 0.000000e+00 
-1.161176e+00 -9.571146e+00 -5.357257e+00 1.077333e+01 0.000000e+00 
-1.215833e+00 -9.463742e+00 -5.562637e+00 1.072952e+01 0.000000e+00 
-1.272180e+00 -9.356067e+00 -5.692135e+00 1.083202e+01 0.000000e+00 
-1.329399e+00 -9.246567e+00 -5.740538e+00 1.109180e+01 0.000000e+00 
-1.386743e+00 -9.133725e+00 -5.717494e+00 1.150060e+01 0.000000e+00 
-1.443587e+00 -9.016137e+00 -5.646265e+00 1.203332e+01 0.000000e+00 
-1.499606e+00 -8.892743e+00 -5.556644e+00 1.265963e+01 0.000000e+00 
-1.554757e+00 -8.762718e+00 -5.476952e+00 1.335735e+01 0.000000e+00 
-1.609261e+00 -8.625387e+00 -5.431334e+00 1.411754e+01 0.000000e+00 
-1.663557e+00 -8.480119e+00 -5.437627e+00 1.494788e+01 0.000000e+00 
-1.718228e+00 -8.326136e+00 -5.508973e+00 1.587261e+01 0.000000e+00 
-1.774000e+00 -8.162232e+00 -5.659744e+00 1.693561e+01 0.000000e+00 
-1.831745e+00 -7.986733e+00 -5.906357e+00 1.820176e+01 0.000000e+00 
-1.892525e+00 -7.797200e+00 -6.272825e+00 1.976623e+01 0.000000e+00 
-1.957728e+00 -7.589936e+00 -6.798784e+00 2.177827e+01 0.000000e+00 
-2.029240e+00 -7.359380e+00 -7.547838e+00 2.447175e+01 0.000000e+00 
-2.109742e+00 -7.097075e+00 -8.612200e+00 2.818775e+01 0.000000e+00 
-2.202671e+00 -6.791549e+00 -1.002956e+01 3.311783e+01 0.000000e+00 
-2.309903e+00 -6.435640e+00 -1.126285e+01 3.758644e+01 0.000000e+00 
-2.421849e+00 -6.059250e+00 -1.076271e+01 3.652701e+01 0.000000e+00 
-2.520456e+00 -5.719756e+00 -8.888885e+00 3.118936e+01 0.000000e+00 
-2.600023e+00 -5.433241e+00 -7.081934e+00 2.634425e+01 0.000000e+00 
-2.663257e+00 -5.188285e+00 -5.615601e+00 2.284953e+01 0.000000e+00 
-2.713148e+00 -4.972885e+00 -4.392186e+00 2.036481e+01 0.000000e+00 
-2.751565e+00 -4.778736e+00 -3.309202e+00 1.855998e+01 0.000000e+00 
-2.779554e+00 -4.600166e+00 -2.295129e+00 1.721750e+01 0.000000e+00 
-2.797544e+00 -4.433276e+00 -1.304210e+00 1.620935e+01 0.000000e+00 
-2.805609e+00 -4.275155e+00 -3.054768e-01 1.545126e+01 0.000000e+00 
-2.803566e+00 -4.123600e+00 7.197071e-01 1.488869e+01 0.000000e+00 
-2.791100e+00 -3.976862e+00 1.778064e+00 1.448217e+01 0.000000e+00 
-2.767918e+00 -3.833548e+00 2.861782e+00 1.419855e+01 0.000000e+00 
-2.733867e+00 -3.692588e+00 3.944662e+00 1.400570e+01 0.000000e+00 
-2.689182e+00 -3.553252e+00 4.978554e+00 1.386718e+01 0.000000e+00 
-2.634665e+00 -3.415188e+00 5.896180e+00 1.374282e+01 0.000000e+00 
-2.571887e+00 -3.278473e+00 6.622241e+00 1.359654e+01 0.000000e+00 
-2.503078e+00 -3.143412e+00 7.101928e+00 1.341427e+01 0.000000e+00 
-2.430739e+00 -3.010246e+00 7.320110e+00 1.321499e+01 0.000000e+00 
-2.357464e+00 -2.878999e+00 7.299475e+00 1.304505e+01 0.000000e+00 
-2.285392e+00 -2.749077e+00 7.085119e+00 1.295405e+01 0.000000e+00 
-2.216256e+00 -2.619513e+00 6.719375e+00 1.297956e+01 0.000000e+00 
-2.151399e+00 -2.489025e+00 6.235480e+00 1.314371e+01 0.000000e+00 
-2.091858e+00 -2.356144e+00 5.656656e+00 1.345788e+01 0.000000e+00 
-2.038520e+00 -2.219343e+00 4.997763e+00 1.393051e+01 0.000000e+00 
-1.992146e+00 -2.076963e+00 4.267908e+00 1.457544e+01 0.000000e+00 
-1.953399e+00 -1.927170e+00 3.470401e+00 1.541549e+01 0.000000e+00 
-1.922958e+00 -1.767886e+00 2.603606e+00 1.648729e+01 0.000000e+00 
-1.901581e+00 -1.596474e+00 1.656898e+00 1.785543e+01 0.000000e+00 
-1.890175e+00 -1.409431e+00 6.065364e-01 1.962814e+01 0.000000e+00 
-1.889942e+00 -1.201987e+00 -5.890534e-01 2.197646e+01 0.000000e+00 
-1.902661e+00 -9.670905e-01 -1.998225e+00 2.517675e+01 0.000000e+00 
-1.930936e+00 -6.942703e-01 -3.708947e+00 2.961139e+01 0.000000e+00 
-1.977572e+00 -3.710360e-01 -5.609632e+00 3.510006e+01 0.000000e+00 
-2.040023e+00 -1.172314e-04 -6.558835e+00 3.816259e+01 0.000000e+00 
-2.100623e+00 3.683361e-01 -5.239288e+00 3.460866e+01 0.000000e+00 
-2.141999e+00 6.852381e-01 -3.027308e+00 2.884053e+01 0.000000e+00 
-2.161923e+00 9.490872e-01 -1.009950e+00 2.415382e+01 0.000000e+00 
-2.163170e+00 1.172245e+00 7.198198e-01 2.063724e+01 0.000000e+00 
-2.148228e+00 1.364395e+00 2.238311e+00 1.789385e+01 0.000000e+00 
-2.118923e+00 1.531679e+00 3.599001e+00 1.562322e+01 0.000000e+00 
-2.076704e+00 1.677795e+00 4.822082e+00 1.363507e+01 0.000000e+00 
-2.022947e+00 1.804916e+00 5.905501e+00 1.180894e+01 0.000000e+00 
-1.959106e+00 1.914255e+00 6.835443e+00 1.006926e+01 0.000000e+00 
-1.886799e+00 2.006440e+00 7.595467e+00 8.370531e+00 0.000000e+00 
-1.807802e+00 2.081743e+00 8.172740e+00 6.690841e+00 0.000000e+00 
-1.723974e+00 2.140299e+00 8.563562e+00 5.024594e+00 0.000000e+00 
-1.637136e+00 2.182282e+00 8.774503e+00 3.376963e+00 0.000000e+00 
-1.549023e+00 2.207937e+00 8.821869e+00 1.761859e+00 0.000000e+00 
-1.461159e+00 2.217674e+00 8.729463e+00 1.960525e-01 0.000000e+00 
-1.374810e+00 2.212080e+00 8.524553e+00 -1.303674e+00 0.000000e+00 
-1.290953e+00 2.191881e+00 8.235712e+00 -2.722338e+00 0.000000e+00 
-1.210295e+00 2.157915e+00 7.891478e+00 -4.047735e+00 0.000000e+00 
-1.133241e+00 2.111200e+00 7.517337e+00 -5.272261e+00 0.000000e+00 
-1.059967e+00 2.052802e+00 7.135286e+00 -6.393494e+00 0.000000e+00 
-9.904808e-01 1.983713e+00 6.763110e+00 -7.414963e+00 0.000000e+00 
-9.246202e-01 1.904851e+00 6.414376e+00 -8.346147e+00 0.000000e+00 
-8.620861e-01 1.817053e+00 6.098739e+00 -9.201296e+00 0.000000e+00 
-8.025146e-01 1.721017e+00 5.822259e+00 -9.997959e+00 0.000000e+00 
-7.454937e-01 1.617225e+00 5.589137e+00 -1.075701e+01 0.000000e+00 
-6.905764e-01 1.505928e+00 5.402543e+00 -1.150186e+01 0.000000e+00 
-6.372953e-01 1.387191e+00 5.263640e+00 -1.225482e+01 0.000000e+00 
-5.851608e-01 1.260792e+00 5.174960e+00 -1.304357e+01 0.000000e+00 
-5.335784e-01 1.125973e+00 5.145421e+00 -1.391693e+01 0.000000e+00 
-4.819678e-01 9.818232e-01 5.178071e+00 -1.490495e+01 0.000000e+00 
-4.297730e-01 8.273053e-01 5.269230e+00 -1.601611e+01 0.000000e+00 
-3.764625e-01 6.612594e-01 5.408483e+00 -1.723725e+01 0.000000e+00 
-3.215644e-01 4.825149e-01 5.574266e+00 -1.851925e+01 0.000000e+00 
-2.651851e-01 2.915665e-01 5.679801e+00 -1.960001e+01 0.000000e+00 
-2.086660e-01 9.275088e-02 5.575365e+00 -2.000758e+01 0.000000e+00 
-1.547911e-01 -1.050448e-01 5.144289e+00 -1.937752e+01 0.000000e+00 
-1.066955e-01 -2.919858e-01 4.442897e+00 -1.791723e+01 0.000000e+00 
-6.629905e-02 -4.624382e-01 3.630240e+00 -1.616607e+01 0.000000e+00 
-3.408026e-02 -6.156017e-01 2.818243e+00 -1.449479e+01 0.000000e+00 
-9.791466e-03 -7.530425e-01 2.047214e+00 -1.303000e+01 0.000000e+00 
7.008952e-03 -8.768870e-01 1.319513e+00 -1.177035e+01 0.000000e+00 
1.671515e-02 -9.890061e-01 6.264860e-01 -1.067712e+01 0.000000e+00 
1.962083e-02 -1.090835e+00 -4.194653e-02 -9.705449e+00 0.000000e+00 
1.593094e-02 -1.183385e+00 -6.936303e-01 -8.815412e+00 0.000000e+00 
5.786302e-03 -1.267300e+00 -1.333652e+00 -7.973122e+00 0.000000e+00 
-1.071110e-02 -1.342912e+00 -1.964287e+00 -7.150254e+00 0.000000e+00 
-3.346776e-02 -1.410290e+00 -2.585360e+00 -6.322729e+00 0.000000e+00 
-6.237887e-02 -1.469281e+00 -3.194556e+00 -5.469919e+00 0.000000e+00 
-9.730645e-02 -1.519544e+00 -3.787921e+00 -4.574048e+00 0.000000e+00 
